774
81
599
839
239
488
297
514
445
749
279
527
572
116
61
617
2
94
548
892
507
785
669
12
215
4
404
13
342
954
932
115
35
530
305
625
369
953
490
165
702
768
43
625
236
104
593
589
549
140
832
55
276
501
418
490
856
821
855
197
127
138
663
161
19
967
785
739
271
274
904
324
393
946
300
980
401
892
569
949
383
400
355
658
252
124
148
107
297
354
655
423
843
317
935
861
635
719
599
258
344
854
581
88
152
881
68
552
124
988
853
507
739
559
164
991
683
663
449
331
16
104
753
210
772
687
70
759
757
21
16
452
226
948
539
377
180
958
929
304
945
781
162
684
691
325
26
373
340
474
703
707
929
807
917
53
845
986
811
601
358
178
404
584
477
295
960
9
252
240
664
549
372
825
232
63
501
609
787
840
82
842
547
363
648
463
415
493
800
225
445
510
754
201
445
582
495
404
590
746
996
253
646
367
429
229
429
930
837
568
121
919
409
667
281
408
481
47
900
633
271
697
142
376
897
586
957
391
341
547
488
336
151
486
55
580
714
835
861
551
402
981
821
162
648
453
570
480
499
821
112
121
517
605
848
765
542
804
507
235
702
347
922
853
832
976
784
545
163
644
447
564
624
619
726
623
71
647
103
921
467
566
393
336
523
240
100
64
396
959
298
97
305
572
301
488
547
84
384
709
727
831
625
351
801
702
973
872
348
427
144
166
993
537
501
515
128
953
930
523
263
580
620
567
151
272
406
49
356
789
110
82
971
734
784
772
787
757
995
486
535
138
651
527
26
504
393
506
808
323
28
70
902
999
988
404
271
393
452
978
181
561
59
504
294
843
275
432
951
269
917
837
758
920
364
136
775
108
641
582
782
20
3
35
19
990
438
641
382
890
618
914
450
28
417
96
222
691
527
524
311
796
361
421
67
76
556
193
183
196
126
965
215
128
999
585
469
789
577
850
678
546
115
127
574
884
574
147
926
453
671
237
600
31
657
666
106
212
210
640
759
335
956
325
814
307
262
282
95
190
483
772
736
597
250
661
480
824
807
758
276
829
994
227
859
2
892
316
565
453
956
675
787
911
999
952
569
612
233
663
802
715
786
889
663
36
901
495
211
59
252
838
888
597
64
746
598
307
414
162
759
369
188
897
631
186
848
200
150
80
214
303
146
1000
543
808
35
443
302
597
501
553
434
740
149
849
838
98
155
251
611
913
971
798
161
953
336
8
504
485
439
718
139
584
717
681
743
103
475
45
699
327
949
484
67
450
332
904
899
486
506
510
750
828
659
262
780
994
269
284
830
59
1
968
642
69
1000
384
523
474
780
573
801
81
56
867
530
739
122
780
576
979
289
677
806
948
938
585
293
558
220
123
616
220
442
257
640
442
992
162
915
124
734
67
204
141
285
85
231
406
864
806
736
153
482
541
452
419
478
744
976
697
218
943
269
660
551
908
453
543
422
367
666
507
786
221
648
70
305
878
828
168
36
563
672
517
456
475
288
933
219
615
629
788
558
249
447
108
157
899
2
578
618
19
84
403
239
83
824
543
313
651
63
348
566
86
216
21
561
503
305
131
118
285
918
27
534
365
134
690
615
488
619
584
506
54
986
745
137
162
639
801
812
701
148
729
139
363
749
699
866
405
181
335
690
98
713
223
814
198
264
781
685
882
364
191
287
702
287
775
863
925
575
26
978
722
755
116
437
855
166
654
260
346
988
301
795
52
875
609
249
138
389
934
371
104
124
657
805
410
432
19
686
6
45
663
80
151
130
516
357
295
521
968
992
508
268
787
911
142
747
159
631
487
92
1
590
567
10
395
328
441
765
14
798
809
28
229
311
158
96
668
804
616
635
796
475
903
934
385
396
680
544
27
166
635
27
107
554
36
853
881
828
618
246
978
778
274
206
89
783
302
756
586
917
742
733
392
644
18
776
392
697
671
418
214
658
796
321
211
184
173
91
363
142
689
340
920
962
898
8
96
199
115
33
467
856
766
210
852
135
986
243
184
8
12
397
665
159
69
875
694
594
318
57
735
6
748
6
967
645
13
62
195
479
94
14
335
211
223
186
698
560
780
881
568
143
629
232
301
698
107
347
643
776
755
729
781
502
735
99
499
99
512
45
578
957
58
912
520
281
449
217
840
228
97
759
722
725
991
22
774
449
720
416
224
474
145
356
976
879
454
826
977
965
870
906
921
928
817
440
560
617
656
751
844
104
510
917
829
852
939
602
300
10
370
875
484
514
230
811
744
35
636
72
999
505
978
271
784
