4774
7081
1599
2839
239
2488
1297
9514
445
1749
5279
1527
4572
1116
4061
5617
5002
3094
548
3892
2507
6785
9669
7012
9215
4
4404
4013
342
8954
6932
5115
6035
8530
4305
2625
7369
1953
8490
4165
3702
3768
2043
4625
1236
6104
6593
2589
5549
7140
2832
8055
276
2501
1418
9490
8856
5821
9855
9197
1127
3138
663
7161
8019
4967
9785
1739
3271
8274
5904
3324
8393
7946
4300
5980
401
892
8569
5949
4383
1400
355
4658
252
8124
4148
9107
297
354
4655
1423
9843
5317
4935
7861
6635
4719
9599
6258
9344
1854
9581
4088
6152
3881
68
6552
1124
4988
8853
5507
2739
5559
164
2991
3683
663
8449
331
1016
3104
1753
7210
4772
6687
5070
7759
7757
1021
4016
3452
9226
9948
7539
5377
180
3958
1929
1304
8945
781
3162
1684
2691
3325
1026
6373
340
9474
6703
7707
8929
4807
4917
53
7845
9986
7811
5601
7358
8178
5404
6584
4477
9295
1960
1009
3252
240
8664
8549
7372
1825
232
63
1501
7609
2787
1840
7082
5842
9547
2363
648
4463
2415
8493
800
225
445
4510
4754
2201
7445
5582
1495
9404
6590
4746
5996
5253
9646
3367
3429
6229
3429
4930
3837
2568
3121
919
8409
2667
3281
5408
3481
2047
3900
633
2271
697
5142
3376
2897
2586
8957
4391
8341
5547
5488
4336
7151
1486
4055
580
7714
3835
1861
1551
6402
4981
8821
1162
7648
8453
6570
7480
499
6821
8112
9121
7517
9605
8848
6765
8542
7804
7507
3235
9702
9347
3922
6853
832
7976
3784
8545
8163
5644
6447
4564
624
1619
5726
4623
71
8647
2103
6921
5467
6566
2393
9336
2523
1240
6100
1064
5396
9959
4298
5097
9305
4572
8301
6488
2547
2084
1384
709
7727
7831
1625
8351
5801
3702
2973
5872
2348
1427
9144
4166
7993
1537
3501
515
9128
5953
7930
4523
2263
8580
9620
1567
3151
4272
4406
2049
6356
5789
9110
4082
9971
734
8784
5772
787
1757
7995
9486
9535
7138
3651
7527
5026
3504
4393
506
5808
2323
5028
8070
902
999
5988
404
5271
393
2452
7978
6181
1561
2059
2504
2294
843
8275
9432
8951
6269
8917
4837
9758
8920
2364
1136
8775
3108
1641
4582
1782
3020
9003
9035
4019
4990
9438
5641
5382
1890
3618
7914
3450
2028
417
2096
9222
8691
1527
4524
1311
6796
9361
7421
2067
8076
8556
7193
1183
196
8126
2965
3215
7128
1999
3585
8469
7789
5577
3850
9678
5546
8115
3127
7574
4884
1574
3147
9926
9453
7671
1237
2600
7031
8657
4666
5106
7212
8210
2640
3759
6335
1956
3325
9814
307
3262
8282
8095
5190
8483
7772
736
6597
7250
4661
1480
8824
7807
7758
8276
1829
8994
7227
8859
4002
1892
316
7565
6453
2956
7675
2787
4911
999
8952
1569
612
7233
9663
5802
5715
3786
2889
8663
1036
3901
6495
6211
8059
4252
838
9888
9597
8064
8746
3598
6307
5414
1162
2759
8369
5188
1897
9631
6186
848
1200
3150
8080
7214
5303
146
1000
4543
8808
2035
8443
5302
4597
6501
9553
5434
2740
9149
9849
7838
9098
6155
3251
6611
8913
7971
1798
7161
3953
4336
8008
1504
7485
2439
8718
9139
2584
9717
3681
7743
8103
8475
3045
2699
1327
8949
4484
4067
4450
4332
1904
9899
486
1506
6510
5750
5828
4659
9262
9780
8994
7269
1284
2830
6059
1
1968
8642
6069
2000
6384
523
474
5780
9573
1801
1081
4056
5867
5530
4739
4122
1780
1576
1979
8289
3677
7806
2948
2938
7585
8293
6558
5220
1123
2616
5220
9442
1257
7640
1442
3992
8162
1915
6124
7734
67
7204
8141
2285
9085
9231
6406
864
806
4736
9153
4482
2541
8452
7419
6478
6744
3976
1697
4218
2943
3269
3660
551
908
1453
4543
5422
3367
666
9507
9786
4221
7648
2070
3305
6878
4828
4168
4036
9563
9672
8517
8456
4475
2288
4933
1219
2615
6629
1788
5558
6249
5447
6108
7157
6899
7002
2578
6618
4019
2084
6403
8239
6083
4824
1543
9313
9651
2063
3348
5566
8086
8216
4021
2561
503
5305
131
3118
8285
1918
5027
4534
7365
1134
1690
615
4488
619
3584
8506
9054
9986
6745
5137
1162
4639
801
812
6701
4148
2729
1139
2363
6749
3699
2866
8405
181
2335
6690
2098
3713
1223
5814
1198
9264
2781
5685
9882
6364
4191
5287
2702
7287
6775
3863
1925
7575
1026
4978
1722
3755
6116
437
6855
6166
9654
5260
6346
1988
8301
4795
2052
5875
609
3249
5138
3389
8934
1371
6104
3124
6657
8805
410
3432
9019
8686
1006
45
3663
9080
151
6130
9516
3357
2295
5521
4968
4992
7508
3268
9787
5911
9142
6747
9159
631
6487
8092
2001
2590
7567
5010
1395
4328
8441
6765
3014
5798
6809
3028
1229
3311
9158
7096
6668
7804
2616
1635
2796
6475
4903
8934
2385
396
5680
1544
1027
2166
9635
3027
1107
3554
8036
8853
7881
2828
5618
7246
4978
8778
274
6206
2089
5783
3302
8756
3586
5917
6742
2733
2392
1644
8018
4776
8392
3697
2671
9418
2214
8658
8796
3321
2211
3184
2173
91
2363
4142
3689
7340
2920
3962
9898
5008
6096
3199
115
6033
5467
6856
8766
4210
4852
3135
8986
3243
3184
8008
9012
5397
6665
4159
5069
8875
3694
3594
5318
6057
7735
9006
9748
7006
2967
9645
2013
9062
9195
8479
5094
1014
5335
211
5223
186
9698
560
9780
2881
8568
5143
4629
5232
9301
9698
4107
9347
9643
5776
1755
3729
4781
1502
735
4099
7499
9099
9512
3045
7578
957
4058
2912
7520
9281
9449
7217
9840
9228
97
4759
722
4725
9991
22
774
449
5720
416
6224
7474
4145
7356
8976
4879
1454
2826
3977
965
5870
7906
1921
9928
817
9440
5560
6617
6656
1751
5844
3104
6510
2917
7829
2852
2939
8602
3300
5010
5370
5875
2484
9514
3230
7811
744
1035
636
1072
1999
6505
8978
271
2784
6146
6063
4695
2763
9070
6446
4958
2174
2955
7875
6354
5806
7165
1307
5457
2174
6676
1331
4657
6189
912
8819
3284
1946
9454
4356
296
2311
9685
566
1446
5830
2980
6141
4944
2050
2586
9902
575
5540
4128
6928
7697
7644
8234
3153
9817
1262
835
826
7450
1746
9644
7086
43
5450
1441
338
7760
7477
7255
9205
3306
235
1697
4602
8636
4282
855
9210
6173
4982
2489
3869
2625
7074
3373
8793
8335
4207
5970
2137
2304
5614
9222
2346
1063
7014
9035
5174
4490
2642
730
4147
9228
2427
8748
7863
3060
9602
3424
9233
935
5912
9453
9911
9337
2826
8704
7672
3384
4673
6160
5688
6638
1733
4385
4052
5098
3420
9225
9587
2413
6307
85
1640
5085
5185
9502
8144
4786
2925
3728
2073
5188
3181
1983
876
2358
7038
4899
5741
8063
1058
7780
4700
9142
2165
8752
4239
1936
4328
3825
4348
634
262
5987
5718
5446
1840
214
6583
1116
3941
8655
6303
7121
6990
3530
5830
4027
8429
1571
8441
5838
9350
3141
4980
1514
8244
9218
9801
8923
9395
4148
5909
9656
6486
1626
1453
8325
8191
8035
9440
2132
3042
2094
5604
31
5624
1434
409
4052
3004
8850
6241
8705
8342
1220
6571
2937
6790
6371
1859
2536
6871
7767
2191
3356
5745
9995
1681
3935
8029
1120
2418
7422
3214
8022
7452
5189
5807
4213
5592
8810
9414
1832
3866
4107
9404
436
7043
6193
3159
8901
5080
29
3020
7270
3384
8764
3616
1416
9050
7996
8888
1468
5418
2101
5841
9221
3641
1647
3433
9232
6808
9198
7415
673
3304
6818
7461
6698
9362
619
1951
4441
6999
4970
8062
6734
85
1677
8150
9134
9673
7037
6953
5090
5489
2793
662
5481
4439
447
4712
1246
9644
2126
8271
9300
5296
5731
5997
4657
2701
4299
5450
9699
9268
3511
2784
5704
1540
933
1190
1212
4321
8142
2653
6161
935
3314
1641
1725
3760
2704
9323
9756
1182
7593
5407
6477
9675
7755
7485
2375
2054
2934
8425
7673
6445
1208
3377
7984
8493
4566
5547
9165
2707
4551
1678
9993
4216
9670
8070
4328
2374
7392
4083
3555
1336
9489
6383
7362
7243
3867
6088
9296
6801
4512
3321
3245
2071
6697
7580
6915
1262
9478
6080
320
4028
7757
6665
8243
3778
1086
2570
6151
4829
3004
6057
6164
8844
2439
3525
2439
6306
5964
8086
9458
475
1406
2702
8897
8102
6633
5812
5715
6110
1891
2387
6489
5999
9051
1083
6128
136
5
2279
1316
3008
4687
7479
8204
7126
7355
642
9783
3318
8727
9240
144
133
8293
9040
8234
4925
1203
301
7386
9445
2687
226
5443
8089
1308
7923
4576
7664
201
5891
7024
4887
9721
5227
8364
3427
5868
8146
6744
4594
7385
3239
1078
5677
8630
5664
6953
9833
5964
690
9277
5002
915
1072
3090
8575
8994
4017
2590
9194
6259
9613
432
5979
4839
8796
9405
7058
3293
2500
8004
678
5738
9081
2706
719
4744
9659
551
7059
6700
9828
8412
3967
899
7853
8893
6244
1869
1482
1789
8127
1095
2220
457
2285
7367
9861
9343
660
8712
7346
7689
801
2778
394
1520
3874
6404
2070
932
3104
8249
5696
7070
5499
3548
2314
1742
5417
3795
3530
9895
4889
5750
352
7174
9468
6564
2868
127
5276
6565
7815
6076
9342
4561
7595
3215
964
6017
499
4067
4265
6194
7488
9764
6093
9801
1505
7861
3596
5035
7756
4836
7136
4459
8361
2955
1022
7580
3082
6297
4144
7248
8725
3486
1808
6319
3052
2772
2335
9902
3190
6600
2447
7030
2715
8540
3182
571
6400
3129
5605
507
7965
9092
4965
2677
8399
2339
257
1480
8635
4400
5079
7359
4237
3239
30
3641
2362
8716
9894
1903
1667
2341
8932
4381
7232
2114
4952
9983
5242
6908
490
9558
2352
1806
8587
750
4144
8843
8581
2779
9594
3659
6489
183
3249
2870
3823
5610
1586
68
7513
3252
2408
6444
3985
5991
4909
5288
5974
6503
2195
6463
2412
898
8268
998
1647
2412
6192
6579
1542
2138
6590
4382
2320
9838
3604
2494
5448
5189
2561
2960
4792
1321
5755
5128
7311
7016
415
3284
3518
8962
6098
5929
9859
4366
3279
7858
3129
9470
4436
1022
1607
1025
5403
278
7215
9006
2771
2662
546
1684
1973
1690
3004
4079
6817
314
1094
3584
9950
963
2545
6047
6892
2403
6764
6522
6612
9892
5991
7400
913
3950
4776
2668
4227
1990
8025
3350
1003
4923
5033
2975
6612
8036
3406
9780
4701
4499
3363
4650
5462
5907
7049
8705
4662
3812
5226
7625
3704
7568
5024
968
1517
9800
9987
2096
8141
4364
5445
9144
9286
477
8470
2249
4864
1875
8380
5916
6374
1743
6918
8187
4001
3966
3243
5014
7777
4820
2639
7832
2387
4014
8800
256
165
5138
2351
8306
9501
4147
7449
5138
4623
5918
7386
5838
7793
5766
1753
518
3860
5022
5056
4212
8987
8298
9226
6764
3117
8216
4595
1855
2229
9746
2110
2394
4884
812
7051
736
4958
4499
5874
5932
6768
9611
8121
4560
1728
6226
1429
1939
1247
6484
6151
234
1133
1728
3349
4249
9943
4295
2456
8523
4041
4565
7268
5276
1729
4318
2363
3038
5168
8236
8970
1936
4199
7090
2847
5926
3315
628
7865
914
7111
367
1147
4596
2094
847
5196
8388
5141
7651
3262
5533
8568
530
7160
296
1199
9523
9685
2719
4110
8654
4654
8308
2096
3852
586
1762
4479
4802
2675
7942
5168
173
2537
7261
1019
4084
2000
6160
1735
5261
1692
6654
2142
5204
3301
9693
4726
2985
2411
8835
1639
3416
3495
86
7267
432
1847
8098
5233
4522
2391
400
1046
1279
4012
2065
5362
6011
8224
3448
7623
6267
101
9765
1470
3401
5809
2547
6386
8219
1382
4376
7986
1228
4461
1604
1659
2659
9701
6891
3532
2091
3642
4578
9721
4005
6642
5083
6367
1217
8530
3989
7483
4983
105
5305
8383
5913
7851
1120
483
5584
5495
8468
3163
6307
72
4821
8966
6124
8063
8849
4567
8056
3426
4287
2060
6419
9369
4778
7635
4251
5119
1470
9233
5223
6774
3967
7488
976
5087
4322
2912
581
2790
6074
3240
9213
895
8557
5336
5309
7405
9902
9717
831
4189
8128
3601
9909
2906
1236
511
8024
9057
9743
9598
2182
62
3437
3157
5148
7759
6068
2080
6900
2142
5319
6112
9388
3875
1447
1048
7632
7701
7116
8462
8241
5244
2062
8149
4501
9649
5012
8876
8705
4754
8473
7238
1167
8262
395
6314
6020
2814
8394
2919
1307
64
5382
7046
291
3180
4446
7922
880
1561
2735
9120
6804
1148
3621
1304
797
8632
179
5853
9737
5004
3091
904
3265
9837
7217
5636
9002
1962
4906
309
8378
287
3706
8668
3466
8151
6589
698
9712
9323
6169
2867
470
9789
4171
7618
4772
701
9823
4509
2056
9265
1764
1672
9101
5332
7307
4454
3646
2212
1114
2023
8850
4820
690
8668
2970
3630
5717
9033
9304
1885
1900
6125
1674
2422
95
2797
3122
9917
3657
1530
9181
5420
3201
4633
7104
508
9086
749
9071
200
2771
4273
5019
9812
9292
4340
9793
5008
3373
9096
6892
1624
5220
4917
4045
5314
7714
3518
1582
1370
5047
762
3142
8248
1746
245
5107
832
993
529
7383
115
4801
8753
9926
4092
3092
9718
5451
2816
5165
2343
791
6736
7259
4835
2050
1324
8353
9983
2694
9751
745
2187
4350
2490
2431
9456
9673
9775
6337
7055
9889
1137
2159
6166
1581
1603
5883
7031
4418
1047
5725
5209
4134
2984
6395
6183
4307
1099
2518
3352
850
3262
1890
5199
2103
4320
1007
8128
446
7343
1534
334
4831
3693
6499
2763
5295
8733
6146
6064
6131
1870
1272
265
4853
4019
2799
5512
5117
5316
5215
5966
4929
7105
7517
3384
7776
8523
1511
8222
2217
3044
4907
7047
6736
7758
9810
8382
6490
5955
4446
8973
7824
2069
9237
9029
6087
8387
892
1204
3703
2458
3521
4983
9562
1037
8366
3690
5911
6228
8263
8127
9272
3169
1526
2359
926
7687
741
3768
3641
5186
2740
7816
3606
8328
3196
9693
6714
439
896
6768
2897
768
8103
8810
8157
6468
8851
4067
2696
7113
8546
8319
282
6423
7029
7559
4109
7769
1326
7749
9306
417
1916
2912
8744
1464
8956
1810
1902
6203
4929
1150
6970
3031
6312
5126
5851
5162
5545
4898
2275
4090
9568
8908
512
6596
2818
4620
717
496
8720
6374
912
6987
5637
6008
4802
4592
4169
6704
794
5449
4205
7764
4832
516
9241
682
2030
4785
1931
4304
5226
1498
9563
5737
8093
8732
6708
8809
9227
1779
5183
6491
5118
7171
8850
9919
1763
9370
2974
2556
4818
7179
6671
9649
4046
5912
6682
6075
696
8612
6730
2274
109
6292
4362
4554
1376
7422
9714
602
9200
1248
3444
669
8419
2293
6940
181
1662
9913
9088
2832
3443
2111
2480
7489
8022
9162
9915
5069
4125
6645
7342
586
9288
1704
5139
663
9125
4852
7617
4676
2452
1060
1697
870
9705
8636
7402
7718
4900
6489
549
8343
8599
3029
2183
2972
8542
8449
4393
9018
5093
1734
9603
733
9789
4741
7747
5265
5945
5363
6293
8396
2775
4341
5617
8831
2976
3018
6548
4227
5858
7097
2569
4457
6477
1103
3780
5018
9552
8172
4035
996
6258
3638
8080
6046
4730
5827
7663
7026
7541
307
1773
6667
4647
7389
5497
7622
6758
2045
1848
2616
9141
769
3424
5617
8223
7203
6986
4126
5375
7372
5122
1632
7361
3201
4029
2091
5379
1691
5468
9272
1997
7241
5938
2995
981
7787
6968
4091
9831
8816
6706
5323
5936
6481
7291
4158
3683
628
4636
9057
7999
9757
7040
5360
9309
1069
3802
1040
9111
9269
311
7460
2861
2600
454
194
386
7422
4284
6568
2589
7341
8242
4876
3821
1884
5385
3855
2511
20
2912
510
6128
6303
2221
5437
3723
6022
2828
9186
1642
3138
2997
4503
2089
3450
1048
8827
7223
1683
5394
6163
9023
9988
7390
9195
1871
2775
3049
4382
9146
2312
1243
5274
4967
3463
7062
8689
9484
9889
7874
7477
9378
7222
1979
7818
7024
9378
6644
4246
1060
2038
6761
6434
2025
4150
5628
3895
3276
5029
4628
2422
7340
5870
7695
2306
5684
1108
7347
5167
996
1572
2644
6725
8794
974
4542
5817
6704
1186
6414
7763
9575
9526
549
7951
3676
2528
8197
3303
7556
2825
5724
1248
5046
9770
9905
730
877
7251
2248
8224
5175
1243
4948
3968
8569
5842
6136
5272
7027
8901
9386
2953
8427
9934
903
8454
8814
9099
1756
2721
8275
3832
3968
3321
3601
225
402
830
3827
2649
9053
9001
3892
353
9320
2460
2546
5455
4083
5924
4356
3468
8876
2782
9754
9778
7587
4919
5228
9342
7639
3503
9525
7959
3175
3126
8183
3576
307
2009
2576
5711
7362
6467
2415
6681
5278
4960
2136
9360
883
2843
9180
9758
1976
5285
5887
9562
203
1115
5255
7841
969
4780
5799
495
4257
333
422
4563
2342
2997
6625
9703
9464
9040
2735
1093
3999
1222
6805
1234
4064
5984
7343
2391
7620
3230
8304
7822
696
3559
2014
8016
4690
4165
8510
5298
4497
8931
9860
3190
8279
2836
9244
4094
1875
1979
5187
2226
3200
1991
9811
3616
4326
7153
6006
1945
382
4310
6118
7429
4220
8131
5444
8909
2295
305
4206
3144
9235
417
6333
7514
9604
5577
1607
7831
7555
3145
6408
754
1487
6218
4369
5812
3370
6727
4108
104
1036
6577
7532
1607
4708
9328
6867
3354
9632
7424
6497
5219
4192
9182
2732
3795
4758
690
1625
8664
187
8032
5769
1673
4249
138
3837
3971
3216
4296
426
603
873
7957
2209
1932
3636
5427
5285
3268
2850
8134
8486
7041
7315
7569
835
8424
4610
8812
7087
4796
3195
2855
6469
7444
9344
6657
7766
2559
952
8191
9513
8176
2499
1721
107
6135
7147
1744
9402
6348
9877
7887
3388
3543
1807
575
1966
6416
5738
5404
1212
8932
8258
4032
2727
3954
7040
492
6512
7991
5034
6025
6167
7533
4097
6273
3667
7596
4368
9420
3943
4244
3658
3683
4138
5464
4257
6103
1879
6346
1506
9442
5277
6116
9825
8004
69
6864
8495
2932
4855
3529
5308
7373
7413
5757
9997
7431
3352
4365
6850
3646
4960
507
7328
9098
2322
7936
1552
552
4281
9410
9994
9558
5525
6170
3913
1945
3034
8759
4876
4240
8639
6536
7964
6051
2292
7960
3481
1995
8676
330
5640
3636
7188
9320
9085
9509
7255
636
6413
7888
45
2758
3797
1921
8927
7709
3865
1960
6467
5093
2551
5106
1628
514
1156
271
8474
989
2265
3501
7670
7904
3488
4858
3575
2572
718
830
9560
7130
8717
5956
9887
2513
7877
8814
6573
8093
7125
3039
3185
9676
8144
1164
189
5652
1434
5014
6640
3698
4867
4309
7954
8354
5518
1528
7278
6236
8709
3189
9717
3777
9144
5956
2641
3372
1121
9213
1465
8245
2252
1001
4272
6747
2165
813
2398
9950
5826
5389
10000
692
6050
4305
5398
1567
5832
2675
4154
893
5863
3871
4669
1358
6178
7310
4730
7298
6522
2546
1894
5125
9898
6166
1872
8414
6978
621
8364
9155
2362
4715
6199
8411
9019
1596
9977
1202
622
4131
2094
2836
4353
3115
4193
6882
424
5274
4179
3297
4171
6072
4774
421
8589
2997
8834
1918
3617
3549
1073
5978
4615
7271
4388
3633
5218
717
4835
5839
1199
3280
5026
5551
6394
9218
2432
3169
844
2962
2818
1366
5385
7591
1786
3974
587
6972
5891
555
6872
3315
2885
1487
6937
7272
5119
2154
7988
6305
4344
5538
9585
9369
1088
2330
4939
9871
1851
2134
9184
1020
3499
4569
8610
1637
4894
5548
8608
7136
2454
5479
451
5338
6965
3739
2610
8436
5893
6949
4740
6588
2487
676
5957
9926
9358
7247
6149
7560
9380
1684
8579
9230
6252
3540
866
7497
9087
5825
4633
7892
7656
1435
3230
972
5173
5839
9407
7417
9139
499
357
7977
7526
6313
4255
3235
3559
6755
794
9290
8438
9372
8519
1042
9263
9385
8538
4701
1561
9522
2593
9216
7308
5822
6540
8833
8012
5946
6249
3502
2796
6605
1479
6674
9269
2085
9908
9179
8839
7054
8468
3628
6425
3339
1021
2040
2723
5911
6740
635
5432
9332
9851
9092
5153
6390
7924
9516
8687
524
3018
7835
3481
848
4508
2749
2932
4415
8280
8122
7820
3099
8101
4245
6437
9122
2636
5511
5032
9375
6146
6815
8707
2348
5906
211
5089
3829
9727
127
4353
9096
7961
7833
9943
8820
6933
2874
9587
1564
995
7406
4663
5447
8002
1099
4568
637
6610
9599
12
9107
6414
5070
1454
8671
1632
2894
2500
7710
3020
3204
6805
981
1036
6747
6152
4320
9620
5738
5884
6966
3144
546
2413
1145
7996
3332
1782
4605
9283
8145
63
2048
9566
1516
718
1197
4409
3217
5259
3781
6420
2063
1113
3807
8810
7264
4479
4781
3002
362
8099
6145
7259
6863
3641
5254
6546
5422
6211
5828
9918
6273
7875
9483
4141
8593
680
4901
8161
2290
8681
933
4352
9793
1091
9513
3409
5569
646
6410
5930
8744
8906
3188
1958
2546
4794
8503
4320
1004
4331
4237
7276
8557
3720
1416
3501
751
6317
1662
3040
1349
8946
7391
7494
36
3256
902
5605
3901
7311
7886
2644
6216
7426
953
5113
2219
9455
9432
3222
137
3669
6849
8694
3740
8265
2194
842
933
207
3881
8633
9152
7623
6126
9188
878
7027
1144
1130
4337
9029
125
6904
2806
1077
8369
5024
6884
7800
8245
7020
7820
5094
2065
7911
9710
4259
8752
6994
817
2632
5626
9969
6607
8104
5508
3836
5130
3003
4966
5819
8383
5090
9074
1189
2519
7442
6212
9402
1594
809
6421
5765
2254
4838
3676
1963
5448
8779
5308
6264
7763
7285
2584
4369
5388
4443
4556
6870
7445
9521
2688
5828
963
8113
7016
3481
5555
9579
2882
3500
387
5654
9264
2640
491
9291
954
2290
8070
2613
8554
5832
9898
1137
6552
1637
5580
1107
8506
9376
6980
7545
5203
7942
5658
8570
1422
7564
4501
655
7415
4887
2660
3030
3879
3151
2321
1184
5440
6742
3797
345
8925
46
7834
1828
8034
9765
2934
6540
9140
9913
436
695
7854
2445
9264
5627
8
3764
6281
7422
5003
5293
452
5233
8443
9124
6416
234
5865
212
6931
1141
6609
4764
2968
4643
4528
2253
7534
3667
2166
7969
4361
6371
414
9977
8350
6773
92
982
547
5094
6274
998
6678
4716
6473
3094
1302
8689
9657
4584
9829
6266
9347
9148
7260
226
1400
4793
244
3565
9113
957
6288
5878
7285
4637
9003
7376
5618
9549
8822
1892
6898
5499
2959
3370
4944
612
8410
4601
5195
8238
7218
893
3737
4477
7470
5136
5621
7714
5053
1085
5022
1340
6963
2306
2328
2317
9681
7945
1865
4854
6188
5114
6705
9147
4835
1648
9758
3244
6248
1305
1481
3465
8549
1569
4293
6019
6704
9913
3732
1756
998
8753
9447
4312
7410
1774
2980
3442
6071
4844
8296
2258
6309
5000
1404
1143
2999
7514
4386
9247
5170
2218
9063
3718
3786
3356
9736
6841
9620
9819
8597
6969
4923
4395
1280
2332
6169
4259
5774
2239
5454
421
848
8114
1772
2252
9256
4770
6117
9993
368
1286
8562
9431
1355
2347
2786
1091
5540
2405
909
4136
9374
2184
4882
7005
4515
7402
7616
6640
9640
9421
3412
488
7535
5183
9091
3142
6305
1559
9487
6672
2844
8048
6102
4198
6747
5239
1640
2286
3996
8901
2773
9721
1084
7654
3077
1950
5056
692
4942
1047
6465
8353
7886
351
9888
3328
9844
6192
4886
9330
9215
4081
3730
5317
4631
476
6907
6270
9113
902
5170
1885
6974
2605
5890
51
4555
7297
7094
5848
8344
3558
4200
2581
260
439
2261
104
6630
7146
5785
2197
1227
9514
3865
2209
6341
771
4830
5453
8025
6352
3689
4998
8956
9579
1400
9862
6875
8494
5709
1570
8403
6261
503
5015
6699
2763
1470
9681
6260
7254
1877
3838
3120
5741
6046
5812
2863
876
1265
887
7227
4953
2237
6182
883
3636
2396
4110
8481
8104
2031
6884
4364
2533
1898
1063
1647
3367
743
7907
6972
8971
1744
6443
4711
7790
2255
3925
5017
9871
1164
2243
4823
3400
4776
2058
3387
7171
6167
1868
1627
8197
5103
5990
7082
3352
3404
8728
3070
498
6634
6393
9468
4730
2836
530
2519
5090
807
7535
4960
1970
6129
6134
5369
904
8191
5107
4427
709
6974
6053
5258
8428
8394
2339
1779
8150
7418
4848
8647
404
7593
4467
5133
428
1348
4003
1869
2154
7889
3180
4123
4017
9313
5843
1272
3856
950
5698
916
4275
8102
6173
2703
6496
8511
833
997
2281
2033
9643
2684
9625
461
7816
52
8161
8170
8272
314
6058
1451
789
6426
7115
6631
4049
970
3932
6099
1886
8207
4200
4410
7261
7047
9273
8093
8043
1553
6477
4038
4236
6101
850
8403
2504
9010
2924
775
5676
5333
8577
6464
1758
5692
9446
2158
3013
3378
8256
1250
7936
8808
5660
1548
5854
4932
5992
249
2836
2469
638
3423
4921
1487
1825
7425
497
1100
4551
6172
6432
3128
8987
4541
5171
8432
6698
8183
8161
1306
5785
2448
113
7796
3995
2318
2727
9987
8918
1914
2455
9555
5336
7375
1042
3512
1151
7890
4611
2054
4061
1042
1533
9399
5582
6703
4182
8631
1237
2343
9936
7021
1142
48
1168
5137
8718
246
1475
7635
2159
281
7190
7494
4007
8231
1005
1510
2472
1967
3563
6532
3008
5095
2282
4941
1797
6463
9924
9385
8805
9859
2758
6299
6259
3925
1435
4976
4171
9261
2610
6329
9541
9799
175
9899
4381
7531
1408
6852
9498
4970
9735
8857
64
2016
150
8212
8479
73
3949
3635
9931
6706
6285
6189
630
4071
1164
1152
3331
126
3833
9223
6276
4007
9122
7009
1537
529
3860
7386
5499
9947
6243
5562
8314
6392
126
3144
6464
4074
3131
2746
779
9415
8935
7760
3486
6450
5264
6816
6575
9096
6039
9203
3102
5160
6211
990
2040
6422
8376
7538
6368
4618
9452
1034
1009
9577
4177
3824
2
3659
6569
7132
3074
1855
4891
2911
8305
154
6078
1231
5601
2116
433
8702
3627
2995
9692
5667
9417
8067
9556
2136
9036
9007
3169
44
4935
3698
219
4936
7356
3139
2067
429
4994
3310
3339
9650
9815
9417
7232
5416
7884
4017
469
7863
7011
160
9881
6427
4578
5788
8563
3613
4795
8083
8
9729
1780
226
1017
9136
9717
9435
5916
4710
2744
5607
4359
8911
1375
7942
4326
5610
1958
4794
9824
8969
1306
6056
1747
5883
1844
309
5848
6638
4744
5855
2718
2875
2433
86
8362
2149
9521
4278
6858
8616
6236
7568
7526
3962
5509
8203
9571
7467
9349
5747
2787
654
1802
4533
2888
3645
1194
8735
282
5937
4590
9352
8811
3374
9437
7173
5522
5309
7802
2379
3925
389
6298
1450
4350
8158
6005
272
5624
5353
2370
8410
2358
4172
2943
1597
7816
4136
332
4450
6424
1273
153
1586
4646
9589
8758
167
4898
2911
8897
5174
9651
1546
2975
352
9703
8979
624
5327
683
2993
88
3040
3516
9382
4637
1332
9869
1320
2133
6292
2592
2285
7878
3589
8225
2987
3755
9474
2250
9003
4647
1900
548
3974
2252
250
2952
9227
1928
9987
8571
8368
3026
2087
7749
4014
9770
3970
1685
1902
261
628
538
4490
4216
5114
7477
4322
4588
9726
3324
5586
7977
223
9559
228
6825
8863
9454
5104
8849
8025
3471
8226
6463
7572
8592
6232
1541
276
4485
1801
904
5022
2643
5119
6487
6471
5793
1074
6196
5468
3012
524
5691
8922
752
8867
7784
6557
3970
6632
4581
7441
1210
7395
1364
9801
3626
2904
76
8110
1056
7331
9483
3698
8802
5970
168
4594
3395
2715
61
6406
3239
2103
5328
342
7321
9463
3250
1291
2447
4183
5083
3656
1577
6446
9808
5203
5701
6235
3312
6756
3566
9147
6806
2367
5116
3325
3312
4862
6040
9724
1268
5630
8179
2947
2323
5499
8761
5572
6789
1207
9754
1871
1214
1331
4668
1021
6533
368
7256
6196
7124
7173
1694
281
5891
6809
3605
9202
1671
5996
5277
9290
7977
3455
8588
299
8954
7348
2223
5742
8555
1976
3965
6120
9658
8632
7141
2542
5352
748
5090
8827
7920
6783
9107
3810
3592
2711
9363
1614
5059
4639
7255
3035
8094
2194
3334
7047
9541
5556
9140
4447
3883
3104
567
3541
8088
7707
2434
3439
4806
7523
8617
2725
4306
7723
2886
4249
6785
2248
2214
1843
6886
9468
4878
1331
1661
4563
8377
7553
6470
7517
2000
6704
6972
8918
244
5059
2976
9030
4849
7781
6552
3465
505
857
7539
3390
5105
4324
1989
7318
2518
5226
3137
3747
6557
1149
4661
1285
8702
1130
8801
7053
7834
2125
2322
4429
3535
5297
3458
8384
3077
10
8200
9933
7218
5739
9674
2323
6414
8014
5992
5283
3239
9129
9030
9795
6629
3690
1080
1682
4820
6232
8734
9005
8356
1055
3433
1891
2703
3243
6626
2131
9604
4825
8415
6821
6915
8088
5495
3328
2453
1487
8611
5692
6967
7640
1838
3595
7681
2917
1629
8852
5501
362
7856
208
7769
7641
8450
471
7235
5075
2602
6838
6252
1016
3658
3166
5456
9153
2846
7908
6991
1456
9951
309
5447
1789
255
9479
1057
1883
8331
6557
2245
2538
3117
6365
6530
1566
3187
3764
6641
2140
601
9244
9508
611
2409
1315
6115
5254
5574
9457
3061
5525
9765
4859
7313
19
4338
4721
8254
2668
1278
6850
5205
4394
3214
8087
2311
6400
1850
5303
4892
8803
4546
4399
5765
3307
5713
1879
4912
1286
7687
7973
6810
7451
2831
474
3821
7168
5195
2074
6187
2824
8923
7744
3569
8488
5830
2231
1240
4031
7534
6131
2833
2079
529
8597
1737
2593
6827
6649
3878
4513
4621
7040
8315
3803
3865
8488
7323
5411
6913
9861
4586
2188
7604
8154
675
9785
385
8266
3816
4270
4396
6648
6348
1276
1597
8085
3868
4775
1085
4098
5640
2057
7489
3954
5859
1353
8793
9533
3116
5706
9394
7701
4245
3349
2207
4919
3134
8943
9537
6949
3212
3932
9948
5911
1560
1544
347
1779
2671
1431
2228
8310
3487
9716
8615
5698
7421
7408
1582
6888
9465
975
4588
3709
4324
3146
4979
7457
2088
4515
757
1651
4799
704
7562
2710
8600
4260
4488
1270
2043
3068
9579
5529
2783
4545
7578
6555
1952
9160
3442
7768
6486
4382
7828
7161
7527
2807
4617
9615
3673
1725
7617
8471
2429
1530
1180
1028
5790
2020
8649
7832
5087
8227
9712
4221
9123
3642
7128
1075
9153
6921
5194
5638
1302
3022
2799
8829
5828
3767
4795
9500
1844
8763
4323
4272
293
1854
1651
6082
3873
299
265
5311
8525
9976
5884
7647
3617
3011
5073
2769
9931
6619
4759
7585
9640
3909
2765
1819
4027
7559
7670
5870
6321
1992
141
6613
198
8143
9046
422
8441
9310
5733
3317
5638
7968
7316
9254
978
8740
8375
7260
5358
9485
4844
1349
9745
7608
3167
3771
1518
7189
5993
4191
5532
2485
7155
5729
628
2553
6151
9068
1862
8235
2385
7499
6202
9700
3105
3531
8439
7831
7142
149
3667
8338
1497
3411
2297
1016
3533
3815
8204
5877
4357
3735
8362
7863
9464
8989
415
1966
4408
8629
6552
3144
2479
2753
9195
1935
2635
7634
6117
9776
4134
6135
8113
5630
5897
410
6645
9430
576
4848
1658
1284
4935
19
5498
750
5359
5913
2715
9767
893
9266
9262
9723
8370
8457
1658
7356
6090
4126
7131
6575
261
1596
2204
6157
8357
5201
1938
8932
6400
3596
6567
1334
3614
2064
8435
5325
4328
7501
1443
5220
6766
704
4943
1487
9160
2952
5194
1601
7077
2325
8175
7337
272
6731
9846
8628
1931
1783
3911
4682
1730
477
2368
1696
2540
802
7020
3220
8303
8462
8439
1420
9165
9733
9259
4677
2684
4452
6277
6113
3128
804
9801
3399
7534
9646
2026
5816
7781
2288
497
9510
2764
9216
1205
1656
18
8224
4875
4672
3037
9665
6091
8554
9398
1701
3230
8433
6153
9506
4545
5632
309
4346
9031
4194
343
7408
9
8123
9696
6858
7633
8811
6073
5189
466
2442
3413
1692
7113
2801
7709
9556
1354
7106
1256
4583
1890
3760
441
2787
9392
7101
3484
4774
1295
3826
2181
7655
8301
1876
4512
2285
687
585
7473
7504
3026
7237
5548
6491
38
3256
6046
7743
6713
3653
2326
8602
7413
9118
7740
3156
6218
1223
7929
3864
1401
109
1519
9701
8337
6030
8337
5375
2966
2161
9230
5992
9398
4777
8834
5787
8032
4879
9881
4744
8531
8558
9698
2295
7675
7437
5450
245
5012
9730
4108
6412
6191
5626
2464
4527
8008
800
6253
973
2960
5482
3316
8709
6611
2149
847
4642
7027
728
5738
1910
9285
5435
556
3312
9223
2358
3556
4234
2087
7663
645
8277
9641
3108
9155
7648
259
1759
8620
9571
7241
1936
4631
3851
436
5478
4844
7463
2557
581
5724
8193
2367
6279
1504
1590
8636
5059
5823
7075
9074
2820
1703
8714
2279
858
2713
2538
8968
1332
8460
2560
9619
3090
2762
55
4919
7606
3869
3827
4538
5944
2020
3257
2222
3523
4846
7210
4934
7020
4284
4007
9839
5986
9072
2118
3195
1784
1007
8515
9467
5818
1074
9086
8907
3836
5492
178
7793
5712
4004
2330
1655
2375
1938
228
2250
6783
7437
7183
3803
8072
7541
9993
410
6612
2110
3604
8395
9468
2118
7861
5285
9544
3298
544
3379
5141
721
7523
852
1076
6204
2506
9803
8142
9086
2052
4924
6522
9234
5078
4594
6774
5071
5003
9737
3532
4958
4483
3000
3428
8695
8284
2971
1993
8827
2701
7133
5899
223
4337
6975
6426
3194
3129
4567
2279
5180
5843
8801
765
920
9746
3890
2342
1100
3626
5874
2409
8108
8873
2188
6802
7156
5158
5146
2335
4210
8631
8233
784
2967
1559
3562
6160
4687
4480
4791
9866
322
9943
630
7594
6040
871
6287
7139
4496
2160
5899
8955
7384
8087
2109
892
9596
7254
3226
3806
2236
1458
941
5202
9369
4502
7714
4055
8982
2504
273
5655
8798
7254
3248
4837
8125
9535
1975
8972
8046
4225
7927
5430
2311
6387
6321
1907
3640
9546
2064
2228
7355
3004
7429
3075
3858
1494
3482
2839
349
3754
8493
9146
7359
8093
3982
1835
3979
2308
807
8376
2885
5085
3805
5195
1471
6477
3453
1462
2374
1868
3689
6081
1224
7470
9155
5081
5315
2636
4271
5664
2741
9115
1161
100
7207
1495
1934
7537
3802
2740
5913
6686
4176
6069
8233
5646
2546
8037
3460
4919
9905
3500
7351
1128
969
6506
2560
2636
9141
6830
8299
1882
5944
9459
8333
9503
7305
266
7039
7459
9358
9303
496
9885
5372
8728
1883
4269
6765
5342
5539
3021
8841
2890
4148
6162
9395
6707
8797
4887
3536
3447
3120
5831
9257
1452
5333
6562
8070
2372
4020
3779
1674
4515
3663
3397
9595
5545
7665
2711
886
3204
5731
6079
6093
6230
8592
1839
2936
3740
3077
2823
7186
6197
8653
2794
4000
3986
9355
8421
2709
9726
2199
4382
593
5862
4131
6539
1406
1795
9249
8644
1350
1331
4722
3794
7560
9665
1984
495
3404
5061
9669
6941
7609
8321
6086
7960
8658
1793
6381
1366
1518
8579
2100
8462
4440
6230
5000
2198
4376
600
841
5726
1930
1914
9519
9489
7930
1503
6335
7685
2915
6003
4625
523
676
710
8482
5685
2502
1214
7051
372
9793
5502
5185
584
1731
6537
9133
2458
7136
6325
8183
9066
8238
4054
4906
2519
1908
1241
203
4822
3595
1179
1696
622
1889
6529
6307
742
7743
9709
7465
3887
5210
2650
822
3292
5538
9955
5749
2673
6279
284
8090
869
4337
2996
3387
2596
588
9942
7417
534
1120
5464
7508
9360
1992
3814
102
6086
9874
3918
6324
5083
2919
7146
4726
8456
3452
474
7481
9730
7109
5570
6950
1445
4917
6689
4040
1856
6630
7808
2390
7749
3271
9897
7109
1615
62
3562
4052
6287
3831
376
1369
6750
3873
2446
1557
7324
9271
9037
3405
6380
959
355
7824
5875
7043
8216
7731
24
2375
6472
7772
5646
2720
1232
3612
2781
1145
4015
9067
4976
4390
6787
8077
4614
5584
9633
1937
4854
5022
5342
1233
5980
5696
5409
1854
9090
3624
5936
9113
5998
2407
3236
7995
5126
820
7958
4258
1964
8325
9676
6939
2714
2814
5015
3680
8397
1000
5616
3251
6021
957
4483
8352
3004
6243
6557
8445
6218
2493
3909
8568
4899
3497
6562
6377
4316
872
634
6279
9196
310
9570
8261
9475
936
1940
7872
1935
3908
1122
4307
4864
1956
9010
4220
4551
5567
2664
768
8059
6573
9335
2957
69
2249
5685
4384
3120
6319
7014
8667
2980
6583
6927
2454
3871
5219
6677
5805
9126
4150
6464
341
2458
5473
4560
7008
1039
7224
7775
9097
148
7110
8406
6568
5710
442
7303
8829
6760
4316
3847
6091
7251
773
4897
1121
2343
1573
3277
1468
5723
6092
1809
8180
1565
2720
1539
8955
6295
9313
4404
6442
2774
9161
3009
8483
9602
311
3663
2714
979
7509
8804
8229
4634
3700
5701
6976
1625
5329
4796
3699
1421
2956
8230
9337
5675
9768
8291
1970
5432
9046
4763
4558
8206
4124
3040
7808
4434
3055
6873
1764
6915
5676
6344
1548
5728
2044
4876
7352
3725
6023
1050
5145
5330
9279
4481
1004
9046
9123
9325
829
8169
440
5386
2726
4563
4778
6885
5348
7832
3757
7112
1098
9433
3455
8998
5160
1851
3873
8863
5575
6247
6264
719
1576
5542
1551
8931
939
7025
8256
1767
5193
5047
7153
4271
9609
8282
1155
4956
6113
4912
8419
7210
696
1874
6207
2207
3724
6431
1069
5650
9029
7332
6368
604
9225
4270
9535
6515
1294
4142
4633
2839
9188
8137
7109
5148
6418
8263
6455
2530
3174
4874
6092
221
6747
8650
2427
6822
5081
3495
2471
461
7178
5190
1065
2754
9459
6951
9268
752
7444
3901
9942
2983
2037
7050
8130
8455
5313
4584
7336
4838
9457
3427
5059
2555
8429
7485
9376
9861
7332
8198
321
861
3387
1385
3615
9197
4687
9234
9949
2130
9486
6242
5112
1523
3292
9593
6329
8604
529
3664
9793
9985
3443
1203
8892
1871
5040
4619
8083
8723
2817
8403
9583
2555
6140
9549
1752
826
5135
8052
2956
4620
4293
4419
2494
7584
4012
5174
2539
4540
8838
8684
876
8632
9886
6119
6854
4925
738
4936
3647
9906
3338
9582
2460
5829
5482
4211
6655
616
2262
9610
1588
6555
380
4081
490
4391
9255
3029
5282
4444
8064
6158
9427
7949
2276
2632
2874
9365
7567
2872
9270
7256
2453
1730
3085
4287
2292
9739
4902
4554
5700
6489
7460
6079
6922
4301
6822
2528
3681
2103
6971
1744
4612
6397
9693
3240
9028
8918
2604
2946
8141
8226
6553
6946
9955
5989
1232
8598
2079
2485
9503
4130
8974
3314
6561
2247
7615
3382
4774
1295
1836
8096
3039
6448
4492
9083
6039
9871
4352
4994
9168
2492
3219
2072
9437
9525
8061
668
8123
139
3153
7625
4269
8478
939
829
7076
4905
562
1849
6199
2397
9944
5589
5196
787
1023
1234
7009
5374
6228
2528
7866
9446
4599
3654
5323
2659
674
3445
2798
178
7421
3418
8655
4711
598
5730
9615
1159
3930
2166
9907
225
4106
5103
1011
5129
2688
8019
6854
8915
6898
1071
4713
1496
4725
6387
4155
5398
9831
3304
5575
3603
3073
581
8314
3670
2662
7928
1180
2943
93
1086
3167
551
6188
4177
5679
8876
8547
2532
4142
5444
3603
5206
6939
4679
1592
7445
6428
7774
748
8354
7729
3820
5286
6042
3841
7947
321
5020
889
6766
6106
4055
7316
8645
4583
2994
3872
3129
1877
4366
4924
1831
9571
8214
6509
7515
5659
9288
1640
2758
7641
9368
2930
2926
1761
6770
7224
2082
1790
8112
8847
4247
8518
6162
2891
3100
5507
3115
2580
7383
7480
7503
9214
3402
2069
2074
7268
7727
7714
8908
484
5354
4627
3413
4632
6388
6535
1855
8469
4676
6319
7315
8922
4836
9828
8164
4288
5334
1278
3219
9068
8757
7074
4633
8511
9142
3059
5778
6868
772
4685
3703
6125
5664
3468
7108
2051
2
8963
519
4677
1633
4185
3598
6468
364
8113
7107
5697
5743
326
1116
4499
3751
5749
9361
2892
8807
5139
6111
9578
6175
9813
2054
1838
3280
5514
240
3281
4476
758
7957
6108
1294
7906
8927
8009
6019
2386
3705
1761
9063
1173
2611
2813
6921
8324
5704
2079
3462
1814
8008
9636
7978
6413
7826
1258
1926
8065
890
2753
5175
5199
8860
2820
3104
4139
829
5474
2876
885
3586
1938
2057
2549
1102
5329
872
6805
7407
685
4970
5414
6672
9299
1827
4497
6908
3752
8914
7798
6505
4088
9348
1716
3259
8803
2206
4087
629
5081
4972
4214
3370
3380
3114
4471
8709
337
7627
6115
1021
8948
1529
4045
4599
9707
4893
1506
3458
3806
5655
6314
4245
5002
4382
7504
3805
6587
7942
4433
8020
2913
4998
7741
6293
4464
8564
1353
4800
2542
7467
2173
1490
5347
2569
2440
5053
7461
3945
4863
7619
9600
7528
1863
953
1909
5718
1109
4848
3660
1893
2867
2924
6891
607
5568
7706
5522
6920
8857
8064
4387
7381
5905
6085
9949
8344
1138
3762
8640
2352
1380
4591
6231
9594
5544
8140
5312
6652
2987
5323
8545
2205
8246
1787
9163
3814
5844
4685
733
4700
2748
1471
2081
8652
7556
8381
3347
5045
2142
1986
3748
9873
6577
9978
9467
2120
8117
4778
5123
7455
100
19
9659
8345
8157
8822
8510
4000
3506
9243
5052
2605
7065
3484
7608
4620
1864
954
9664
358
2939
3411
230
9515
3389
9696
7986
7857
4473
9461
5312
924
9479
1322
5621
3988
143
482
7987
10000
9724
9390
2604
3141
2873
211
7760
4737
1164
3776
5094
455
3538
5323
9969
3278
5019
4307
1135
5843
3767
2798
3119
3245
4119
5091
3584
4262
5572
1571
613
1648
7312
9569
4788
185
9779
2547
4921
7295
2674
6366
7749
6212
1688
4069
9489
3058
4727
623
5253
8493
9772
4723
8090
3891
9813
1673
4504
5384
9595
5116
7031
6907
4684
8170
7091
815
717
8363
4461
3390
4728
8561
9601
2767
2629
5442
2177
7356
2416
3781
2200
2188
8503
289
6078
8315
8314
6933
50
7908
2048
3433
4814
3084
1602
8256
3898
8670
6618
4710
2060
7697
3270
8012
6816
5898
9805
8992
9605
2221
2772
8157
4408
1274
8445
6837
5940
6758
3769
5989
1018
5816
5773
2183
5251
7375
439
5500
6044
3408
209
4455
1105
3478
8819
7920
5728
8623
3263
5332
843
6034
3488
5250
3659
8285
2086
5950
1394
5854
8290
8763
8022
4063
946
3272
7789
1384
5124
3832
1143
5332
4639
8599
8810
3457
6518
4537
2079
6132
6220
2922
8517
6060
4523
8527
4344
2961
4476
2089
5166
2766
852
9539
3180
1797
9163
968
9532
4286
1151
7026
9617
5789
5625
8426
5597
8494
2962
7676
4626
5534
6949
3142
1593
1471
1669
2288
783
6144
4376
5949
5261
1579
5487
4792
3375
4649
2111
9258
5286
3262
6284
4903
5402
1908
3328
999
401
2642
5026
1378
8175
1974
4520
6119
9796
2540
8406
579
5035
2781
2879
296
4360
4717
1439
4086
5718
3550
9696
1003
3163
2331
5905
8564
590
5585
5914
7342
4578
939
8720
9104
9264
9591
5222
9060
2130
3627
5990
7164
2759
8868
7459
3470
9936
5250
7556
5653
8799
3603
6656
1961
5933
8912
6876
6522
848
2790
3863
1777
80
8934
880
9344
8524
2453
8403
653
6079
744
7817
5190
9611
1627
8659
5898
6876
2566
1551
2026
6168
4558
3986
8452
9821
7214
1325
669
3
1540
8797
82
473
6029
9425
8997
8481
4179
6001
912
4922
169
6101
884
1796
1111
6782
5023
3677
4684
3401
6196
9241
3738
4648
9061
951
2324
6081
7305
3863
1230
7387
4336
7258
3163
9684
5738
3694
2036
3001
4967
2205
9101
5851
352
6564
8984
1726
240
3667
5126
2787
9259
8864
7434
4671
9814
9758
7104
7119
9972
8333
857
659
5590
371
342
7679
4064
2378
680
9031
934
6132
1233
1285
2695
216
3010
9286
234
8136
2073
9492
3351
5858
4162
9516
1967
7617
2986
1939
5949
3842
2597
7890
565
9291
5569
980
8020
2600
6362
8953
5083
7594
6589
4130
4161
9598
9767
4394
4085
1839
237
7435
4049
751
6951
6015
8367
6288
4305
4316
6482
3254
2205
7046
8896
4125
8025
3267
3076
4387
2219
8159
8332
8807
2288
8845
4756
2054
3238
8841
245
9827
2627
4293
577
5929
6659
5295
2217
7316
9610
8698
6921
8167
2095
5816
8643
119
9082
1719
857
7652
9877
5541
2810
8516
4385
7565
6921
3974
2757
3517
3800
1736
4161
728
7664
820
6023
9880
4487
1984
4929
1407
6502
7023
7222
5145
3494
2655
3215
702
306
9443
2594
3115
4310
6978
7031
1230
7304
6140
4747
7455
7875
5259
8183
5538
6078
557
1770
6916
2540
3050
8322
5394
73
1895
6890
9918
4549
104
6971
1206
9546
9565
4320
3855
2894
7703
1436
197
3842
2534
7652
1716
7793
5834
3605
222
2742
5374
7138
1633
8424
1811
7026
4848
3706
3915
1117
8254
4018
8087
5812
9915
7651
6483
121
545
4185
1557
741
8026
442
4744
6093
8234
577
9698
4808
3318
5071
1945
1303
9846
3755
8328
1045
3812
2243
2161
8418
2612
248
4229
8879
4250
711
8999
1146
4896
555
1887
9273
997
6630
5366
5582
3559
1415
389
3228
6485
8685
4530
2683
2440
9210
3727
2603
1452
2240
1020
415
8839
5248
9293
3088
5959
4644
4234
7206
5198
2472
6478
2546
5453
8195
4480
5363
9609
4868
8591
2446
3553
9472
1480
2344
8681
1558
4946
6484
3797
2318
3251
2635
7565
8895
5723
9875
3538
6308
7080
5088
8779
9910
7633
583
8104
2112
5946
4065
3332
888
6510
3236
359
7989
1931
5392
9546
3228
8227
3343
5545
1477
2329
9462
6724
4403
9336
261
710
2768
5348
5840
2677
9333
6423
780
7796
2368
4844
1127
3255
7705
714
9965
5693
2644
5356
1591
2224
9935
1285
7768
1411
3613
7229
8134
4368
2917
4747
5077
5684
94
917
8360
9426
7339
5491
7222
6058
6687
4700
9312
4391
5414
9276
6436
4409
984
4378
6632
918
5662
752
8680
5626
4332
3166
9993
7248
7912
1422
2931
4357
2338
7642
135
6028
9485
3708
8437
6171
8407
7748
6913
172
3375
9700
933
710
4077
3916
1627
6090
4667
6659
1716
8999
6176
8060
2598
4087
9481
1881
4795
8170
9522
4929
549
9006
8636
8985
1528
3395
3084
4793
9918
2811
4492
850
3520
8569
1118
1499
1010
5784
4509
2725
1134
684
7137
3732
1122
2969
5612
5916
1139
1485
7197
8039
6843
5832
3376
8370
5578
6459
3162
5496
5621
4006
2697
9141
2574
3814
6991
3583
5950
1499
2660
7083
2182
6148
814
3303
9116
2777
5570
6606
4262
2766
4645
1104
4950
8020
5825
527
830
5339
2374
6451
9344
1423
5591
8269
1588
8933
1851
3889
431
862
972
8964
7009
8137
8618
2477
914
4187
9082
1527
3305
78
8982
8254
8097
4806
5132
8927
6496
7506
5377
5839
5280
7319
4107
6867
6251
2310
756
3033
9523
8079
8348
6532
2567
6965
5360
9832
7503
4441
1358
807
4519
339
5412
8967
1497
544
7893
7992
4401
9621
3831
9680
3291
4289
2898
5893
6598
3653
5277
6121
8083
3624
9004
650
6940
4363
481
4443
5155
8191
1601
6025
8529
3365
4992
6377
3908
9236
721
8308
8857
903
7987
8499
5191
7236
4392
8141
889
9668
613
5323
9644
9616
5972
6583
330
6453
7377
1836
995
5330
7861
5875
8694
2852
2252
2601
8439
2972
7260
3647
226
1598
2146
5416
8833
2889
9908
6073
8908
520
1396
8551
6487
7367
1486
3168
171
8862
5004
1165
4191
2864
7040
2884
2067
5643
1836
6857
4966
9095
504
5191
692
2649
606
9525
1889
514
5597
796
7385
3344
5699
3872
711
7184
7039
7233
6045
8394
4750
6588
7609
8141
5823
6027
3783
4011
2884
8748
3105
3387
3938
149
2387
895
6025
4275
7760
7973
5070
5145
1317
7120
5368
8379
4303
8758
5611
6700
7152
360
3287
4760
8500
5461
787
8634
9471
3670
7381
8928
3408
7670
9076
5794
4917
1452
68
2676
9424
1489
4172
740
8609
9539
9118
9263
4649
1081
5962
1800
7792
5600
2911
2644
1061
3697
1277
6883
3718
5010
5810
3477
9031
1237
9270
3947
2688
5689
6623
2112
3530
7146
9203
2138
3037
8321
7752
7685
5753
3714
5836
3544
9313
8746
6187
6725
8795
3816
9960
8864
8825
5769
2341
7855
7006
1610
1802
6045
3651
4776
8156
7180
8273
7359
9317
7661
2031
7068
5345
7783
7133
7532
7678
2798
6278
3865
5874
1424
4032
5833
287
2856
7954
2627
7062
1311
589
5215
7355
4239
6342
1863
1418
4615
5573
7086
2275
7603
505
3972
1737
7638
1503
9414
6787
4132
9630
2660
5555
3661
4845
5842
2868
2798
4820
9930
4108
5408
1496
7814
5998
7838
9676
7415
8804
5248
852
7430
9202
1357
1401
938
5346
9256
6704
2132
3387
2685
1143
8942
2698
5987
1135
5565
8784
5954
1846
9243
7714
3342
7057
3711
7531
3084
7478
6334
4684
8329
3763
3885
9685
5164
1175
5030
771
4230
3513
4157
6914
4656
9450
5963
642
584
7880
5778
2890
9725
1372
603
9418
4780
665
6948
7864
8142
3281
2547
6471
7044
2783
6155
8559
309
7537
9329
4538
1049
9837
7804
5704
9287
3766
2698
6222
1645
8475
5463
7722
9846
6065
7139
4626
6730
4087
8841
4871
3719
7739
1341
7114
521
3848
5672
830
1384
1352
1719
2432
7541
5874
8136
3179
9640
833
5752
7636
5659
1215
1709
1856
7279
8848
6481
360
9286
1673
5231
3004
9411
2923
118
6284
6770
2141
3465
8153
9845
5183
585
7385
1057
5072
6915
7048
2256
2666
1035
7914
3880
2744
9769
1159
1591
2602
7870
7228
4274
9452
6583
37
2375
6700
6320
5496
5193
9784
1
5037
1318
6937
8773
2374
2008
5687
5773
615
8352
6808
4880
2232
9551
4648
9742
7493
3601
3963
4720
4227
3415
7654
4263
2141
4354
582
7636
9546
6717
7636
934
8034
4572
9706
408
2931
5392
6180
3545
95
9339
8424
8678
8889
9424
8419
2733
9376
2382
3804
3602
2148
1458
7864
4288
2163
4797
1923
8060
1513
5911
8993
9547
482
5050
6306
9765
6793
8837
9661
6887
8176
8085
5565
3416
3860
335
6149
3235
9068
6304
6837
1215
7761
1052
5502
9923
5849
3777
4334
7361
9687
3326
6907
6520
8375
9564
2636
5167
8401
2297
8406
6576
381
3970
6343
592
656
2491
3826
9724
5147
662
7290
2907
1714
9144
9182
7562
2920
3515
1274
8958
3193
4533
1829
7919
4096
4465
9438
8848
6761
7843
5423
3493
8164
1766
4084
8819
608
7909
4894
2106
4923
2184
1365
6636
1327
546
549
598
412
8174
9555
9956
2706
7735
7875
3154
2199
7312
2001
8959
1506
3776
2451
9669
1893
6534
8487
8852
795
3381
958
5717
5564
2322
8704
3242
9219
5604
3839
5982
3777
9745
5938
2835
3831
164
5988
6030
3827
4340
1340
5332
8115
143
5000
7
3028
9838
5211
3822
3218
6168
5890
5133
8489
4593
8374
4059
196
8564
40
325
4660
5977
3159
4843
2492
5498
872
6318
9837
8563
8001
4304
8705
9352
662
1733
9190
5872
1906
2407
2039
7796
3892
6879
8740
2265
937
8936
7181
7329
5612
8192
9657
5122
3034
2149
619
257
4818
6807
8820
2819
1110
7524
2170
1772
5608
1359
3995
7514
118
2386
1661
4009
9264
400
2625
6553
5687
6157
3881
1298
701
3537
6419
3734
2037
3389
343
6855
196
9162
6025
1305
3037
4546
9428
8645
2257
3423
2510
2374
5808
4170
2734
1423
921
5358
7975
6608
7867
8207
4257
8567
8096
676
8652
6484
416
8994
3338
611
4507
5714
1916
7544
260
7695
2540
2516
1117
1401
4889
3276
5570
3974
4699
2842
5683
9025
9449
3549
3584
3706
8467
1679
733
7119
8162
1148
2464
7852
1759
6971
3565
26
866
3824
4072
9757
6339
5189
1157
7579
8464
3078
1552
3162
5919
7235
8539
5368
7135
2122
5425
5602
3800
2509
2720
8313
3656
1535
6164
1766
4857
6081
8143
2074
9904
2215
1830
2595
7403
9338
6525
2218
2415
8077
1732
8334
1663
270
53
8797
2391
1829
4398
2542
4337
3469
7206
7992
1356
9722
6110
6212
5802
4252
8286
2057
6466
6467
4651
220
5805
1176
8790
8219
5604
521
2904
7266
7142
9308
6062
5884
1136
6812
8425
1824
6632
5630
6168
7987
5351
2277
4199
7504
6528
8836
9561
9346
5302
4211
5917
1106
1738
4706
5677
7341
5226
4932
958
2367
4240
3372
8250
1727
183
3026
3551
3166
5008
9718
1153
6710
8346
1703
4214
1225
6890
3774
570
2191
4336
6487
9649
2426
1192
1677
6118
2770
6608
7076
1488
7199
447
6090
8926
6981
9115
8828
6498
474
4897
7650
7184
3242
5704
7749
4466
2593
1522
1388
1136
2209
7874
7136
4634
5417
8812
7104
4538
5419
4179
6026
2618
977
2115
7895
4309
7581
6722
806
4407
1618
4808
7942
1211
511
5690
5676
9456
3563
7063
591
5771
1288
7726
6757
3057
6537
3860
7594
8307
4390
9971
7276
1718
8437
5170
6026
2370
1891
3183
6776
9860
7990
4717
1070
4853
6758
6746
4308
320
160
1250
2442
7800
8975
9198
7208
1863
9409
1153
169
150
1124
7445
1867
5912
2614
4244
4633
857
7427
1408
716
1768
2476
8138
2972
9233
4883
7279
5904
1394
4880
8346
5545
3854
3895
2752
2068
3304
257
2237
9805
7732
6033
1672
3643
4998
2267
8276
2206
6045
6035
2922
4165
4863
1059
7136
447
2293
767
6351
38
5646
4696
5583
5852
8590
4686
7919
8245
4942
155
8050
2673
2539
6073
2668
7537
4691
943
6094
736
3329
9015
4900
8191
6425
8387
8638
5069
9153
1340
1459
1151
2387
7041
7002
976
8078
4920
5573
3020
1427
9974
2044
3965
6046
4711
7853
736
2005
3947
7823
5334
9313
9074
9876
2090
7461
4865
3510
2965
6204
4968
467
8590
8360
7468
5918
6438
8740
1490
5809
166
1463
7852
482
3860
8915
4687
947
919
4985
8770
2604
649
4195
2480
9090
8007
7344
2600
7324
9900
3919
7790
4841
2279
1610
758
8716
349
8599
876
6866
61
5079
3699
272
3993
8385
1219
1264
9721
6340
3867
370
6886
2698
5811
4893
42
8410
2216
6293
2329
6357
1133
959
7966
8243
9674
4666
6841
6901
1531
6902
1979
5230
3525
2324
9966
4743
3587
9687
7434
3805
6408
4320
6503
2218
9212
6544
628
7779
9188
9308
487
320
266
4805
8562
6291
9470
5403
9543
1001
8656
1521
2582
8532
196
2547
3275
3782
2233
7060
7587
4992
1379
4089
7210
6942
6984
4189
1072
6171
3496
1559
2842
113
6363
7756
2755
5832
9510
2297
3184
4517
3817
5765
3048
4013
8312
2674
4146
6896
9734
8084
8240
1112
8524
5449
4406
5507
9637
5477
8029
9484
3387
7223
5948
9749
4978
8702
1933
4487
998
5116
5355
1166
7233
8402
1530
1896
1076
5676
5143
7161
111
3382
4624
8635
8830
9029
4141
4818
858
8522
653
4244
5744
6600
3993
7073
5301
2277
7911
2650
7392
3265
3816
976
1666
1697
2871
9093
7372
8014
6253
3835
1395
7229
2469
6577
6257
2961
1394
3466
1482
2047
7710
3577
4998
8054
649
6651
330
8559
9300
7721
1823
9467
8697
9841
1164
7919
5285
4887
5932
7890
8721
3679
5118
1189
255
7726
502
8000
1192
1983
6398
8901
1912
1396
6954
2560
8046
7283
7471
3697
1355
9293
3164
6403
5485
4327
4322
770
9213
6605
8659
4286
6635
3776
1826
6889
1501
2327
1241
2692
4310
3990
7944
2573
5385
4897
5132
9782
8531
2602
9831
9886
8247
2994
6288
3731
3672
6961
852
9236
3566
9510
3521
200
9637
5347
3441
7490
4025
1033
6533
4686
5022
4477
7258
6759
5725
2390
6540
4256
1343
6370
4141
9589
5715
6780
9672
9386
3741
523
4974
3658
6385
8494
209
6021
192
1
3510
4217
1033
43
5254
6055
871
2512
2813
6595
1253
5704
850
2595
8426
1342
8536
4140
4474
4559
9878
4566
1433
4851
8223
7817
9696
4783
190
6240
4784
51
6808
5816
93
2061
8222
7315
4572
7386
3910
5824
3090
1111
4771
1515
8805
3306
2006
3278
7864
8235
4195
9296
9437
2417
3465
9133
3551
3654
5372
4686
3704
2179
6854
149
4239
5075
7463
5163
2461
7724
986
1902
5187
5756
9768
3991
5413
8125
3620
3276
6360
7814
8924
5796
6582
2388
4928
132
2393
6651
1170
6096
5181
8023
2596
5772
3097
59
934
1909
4134
1919
3810
9320
4027
3577
9662
9439
1702
3281
9067
4413
7446
4342
208
4027
6729
1488
511
5473
8138
1680
1568
9671
9702
4164
5442
9150
574
6375
1059
1059
4645
1220
379
8671
4797
6392
4462
2850
6025
3528
7262
3470
7869
3821
3849
949
1660
711
6421
9798
8742
4340
5820
4795
4855
1261
296
5428
7635
1354
6487
8631
2574
3217
7302
3722
9608
8115
2923
1984
7994
6536
1806
2214
6708
5654
3162
8368
2716
5934
4517
7809
6625
336
2603
1480
1596
2898
6907
5582
604
9745
4212
9529
9313
7865
9602
5273
5979
2524
7256
3972
5411
9061
6185
2118
1066
5698
485
3781
7983
5001
1589
4608
5336
543
6087
3283
3441
9345
5216
396
9090
9428
9924
4754
3644
9525
26
9623
8400
3634
9946
3810
2694
2483
2279
112
8180
2764
3892
6163
4116
1833
770
5804
2375
3208
9086
2167
2552
654
8914
7993
81
8837
2747
3724
4713
9124
9698
3112
2757
9644
3273
1803
8478
1904
1914
6657
1019
2157
9171
5134
3989
6292
7289
2716
9499
2727
1234
2051
3380
148
43
3460
5336
9141
3535
49
8265
9585
9512
7373
5580
9137
9175
4057
1040
1088
7065
2058
3245
6236
3543
3585
8879
832
2652
8378
3558
3886
6780
3289
385
3174
3100
5720
2315
6634
2120
6931
6218
7984
4303
8149
7120
3478
2205
4511
917
9270
2920
4161
1857
2814
4098
735
3645
6749
5464
3554
634
2243
6842
7370
5417
9941
3090
4083
2927
1561
1013
5496
9544
1667
3645
3015
5144
2201
7525
2413
1470
444
6573
9678
3258
670
6765
3254
7419
2228
3160
4404
823
6353
8126
2591
2646
1215
6673
5572
9127
4037
7419
8671
2055
1063
1685
3551
9616
5562
5963
1085
6005
2535
7115
5614
9557
3879
5220
3327
6106
8379
4082
6928
1083
2207
9518
3728
9773
2542
5651
8900
2930
3070
3922
4985
484
5606
8535
99
1167
4497
7536
3524
3383
4650
5489
2939
8528
708
2617
985
5438
6699
4265
6521
5257
134
6600
5030
9028
2251
3929
1957
5320
4202
3293
5803
9807
1827
5902
7326
6323
9789
7201
6058
4438
2689
5348
9317
9749
7965
6653
5186
1015
7269
8058
6271
7403
4658
1300
2782
6908
1580
4738
2227
5781
4383
4381
1940
6209
6634
5617
8884
6422
2817
4941
7211
5505
288
2879
5253
4604
9532
6791
5618
6800
1200
8241
554
5857
9540
9687
9116
7472
777
7694
9604
5159
2075
7895
1367
5060
3511
6602
1482
6327
1542
5044
8184
8182
7923
9788
2785
3806
6578
4755
605
7778
2995
7511
9986
8886
7197
9102
6357
7973
6795
2313
3131
5221
207
850
281
70
7451
8114
6396
5345
3157
4579
3526
7431
4367
2662
1236
7296
7416
8193
1425
410
2055
7763
9296
9251
3216
2004
3576
10
668
3058
1583
7227
259
1863
7296
