4774
2081
1599
2839
239
2488
1297
4514
445
1749
279
1527
4572
1116
4061
617
2
3094
548
3892
2507
1785
4669
2012
4215
4
4404
4013
342
3954
1932
115
1035
3530
4305
2625
2369
1953
3490
4165
3702
3768
2043
4625
1236
1104
1593
2589
549
2140
2832
3055
276
2501
1418
4490
3856
821
4855
4197
1127
3138
663
2161
3019
4967
4785
1739
3271
3274
904
3324
3393
2946
4300
980
401
892
3569
949
4383
1400
355
4658
252
3124
4148
4107
297
354
4655
1423
4843
317
4935
2861
1635
4719
4599
1258
4344
1854
4581
4088
1152
3881
68
1552
1124
4988
3853
507
2739
559
164
2991
3683
663
3449
331
1016
3104
1753
2210
4772
1687
70
2759
2757
1021
4016
3452
4226
4948
2539
377
180
3958
1929
1304
3945
781
3162
1684
2691
3325
1026
1373
340
4474
1703
2707
3929
4807
4917
53
2845
4986
2811
601
2358
3178
404
1584
4477
4295
1960
1009
3252
240
3664
3549
2372
1825
232
63
1501
2609
2787
1840
2082
842
4547
2363
648
4463
2415
3493
800
225
445
4510
4754
2201
2445
582
1495
4404
1590
4746
996
253
4646
3367
3429
1229
3429
4930
3837
2568
3121
919
3409
2667
3281
408
3481
2047
3900
633
2271
697
142
3376
2897
2586
3957
4391
3341
547
488
4336
2151
1486
4055
580
2714
3835
1861
1551
1402
4981
3821
1162
2648
3453
1570
2480
499
1821
3112
4121
2517
4605
3848
1765
3542
2804
2507
3235
4702
4347
3922
1853
832
2976
3784
3545
3163
644
1447
4564
624
1619
726
4623
71
3647
2103
1921
467
1566
2393
4336
2523
1240
1100
1064
396
4959
4298
97
4305
4572
3301
1488
2547
2084
1384
709
2727
2831
1625
3351
801
3702
2973
872
2348
1427
4144
4166
2993
1537
3501
515
4128
953
2930
4523
2263
3580
4620
1567
3151
4272
4406
2049
1356
789
4110
4082
4971
734
3784
772
787
1757
2995
4486
4535
2138
3651
2527
26
3504
4393
506
808
2323
28
3070
902
999
988
404
271
393
2452
2978
1181
1561
2059
2504
2294
843
3275
4432
3951
1269
3917
4837
4758
3920
2364
1136
3775
3108
1641
4582
1782
3020
4003
4035
4019
4990
4438
641
382
1890
3618
2914
3450
2028
417
2096
4222
3691
1527
4524
1311
1796
4361
2421
2067
3076
3556
2193
1183
196
3126
2965
3215
2128
1999
3585
3469
2789
577
3850
4678
546
3115
3127
2574
4884
1574
3147
4926
4453
2671
1237
2600
2031
3657
4666
106
2212
3210
2640
3759
1335
1956
3325
4814
307
3262
3282
3095
190
3483
2772
736
1597
2250
4661
1480
3824
2807
2758
3276
1829
3994
2227
3859
4002
1892
316
2565
1453
2956
2675
2787
4911
999
3952
1569
612
2233
4663
802
715
3786
2889
3663
1036
3901
1495
1211
3059
4252
838
4888
4597
3064
3746
3598
1307
414
1162
2759
3369
188
1897
4631
1186
848
1200
3150
3080
2214
303
146
1000
4543
3808
2035
3443
302
4597
1501
4553
434
2740
4149
4849
2838
4098
1155
3251
1611
3913
2971
1798
2161
3953
4336
3008
1504
2485
2439
3718
4139
2584
4717
3681
2743
3103
3475
3045
2699
1327
3949
4484
4067
4450
4332
1904
4899
486
1506
1510
750
828
4659
4262
4780
3994
2269
1284
2830
1059
1
1968
3642
1069
2000
1384
523
474
780
4573
1801
1081
4056
867
530
4739
4122
1780
1576
1979
3289
3677
2806
2948
2938
2585
3293
1558
220
1123
2616
220
4442
1257
2640
1442
3992
3162
1915
1124
2734
67
2204
3141
2285
4085
4231
1406
864
806
4736
4153
4482
2541
3452
2419
1478
1744
3976
1697
4218
2943
3269
3660
551
908
1453
4543
422
3367
666
4507
4786
4221
2648
2070
3305
1878
4828
4168
4036
4563
4672
3517
3456
4475
2288
4933
1219
2615
1629
1788
558
1249
447
1108
2157
1899
2002
2578
1618
4019
2084
1403
3239
1083
4824
1543
4313
4651
2063
3348
566
3086
3216
4021
2561
503
305
131
3118
3285
1918
27
4534
2365
1134
1690
615
4488
619
3584
3506
4054
4986
1745
137
1162
4639
801
812
1701
4148
2729
1139
2363
1749
3699
2866
3405
181
2335
1690
2098
3713
1223
814
1198
4264
2781
685
4882
1364
4191
287
2702
2287
1775
3863
1925
2575
1026
4978
1722
3755
1116
437
1855
1166
4654
260
1346
1988
3301
4795
2052
875
609
3249
138
3389
3934
1371
1104
3124
1657
3805
410
3432
4019
3686
1006
45
3663
4080
151
1130
4516
3357
2295
521
4968
4992
2508
3268
4787
911
4142
1747
4159
631
1487
3092
2001
2590
2567
10
1395
4328
3441
1765
3014
798
1809
3028
1229
3311
4158
2096
1668
2804
2616
1635
2796
1475
4903
3934
2385
396
680
1544
1027
2166
4635
3027
1107
3554
3036
3853
2881
2828
618
2246
4978
3778
274
1206
2089
783
3302
3756
3586
917
1742
2733
2392
1644
3018
4776
3392
3697
2671
4418
2214
3658
3796
3321
2211
3184
2173
91
2363
4142
3689
2340
2920
3962
4898
8
1096
3199
115
1033
467
1856
3766
4210
4852
3135
3986
3243
3184
3008
4012
397
1665
4159
69
3875
3694
3594
318
1057
2735
4006
4748
2006
2967
4645
2013
4062
4195
3479
94
1014
335
211
223
186
4698
560
4780
2881
3568
143
4629
232
4301
4698
4107
4347
4643
776
1755
3729
4781
1502
735
4099
2499
4099
4512
3045
2578
957
4058
2912
2520
4281
4449
2217
4840
4228
97
4759
722
4725
4991
22
774
449
720
416
1224
2474
4145
2356
3976
4879
1454
2826
3977
965
870
2906
1921
4928
817
4440
560
1617
1656
1751
844
3104
1510
2917
2829
2852
2939
3602
3300
10
370
875
2484
4514
3230
2811
744
1035
636
1072
1999
1505
3978
271
2784
1146
1063
4695
2763
4070
1446
4958
2174
2955
2875
1354
806
2165
1307
457
2174
1676
1331
4657
1189
912
3819
3284
1946
4454
4356
296
2311
4685
566
1446
830
2980
1141
4944
2050
2586
4902
575
540
4128
1928
2697
2644
3234
3153
4817
1262
835
826
2450
1746
4644
2086
43
450
1441
338
2760
2477
2255
4205
3306
235
1697
4602
3636
4282
855
4210
1173
4982
2489
3869
2625
2074
3373
3793
3335
4207
970
2137
2304
614
4222
2346
1063
2014
4035
174
4490
2642
730
4147
4228
2427
3748
2863
3060
4602
3424
4233
935
912
4453
4911
4337
2826
3704
2672
3384
4673
1160
688
1638
1733
4385
4052
98
3420
4225
4587
2413
1307
85
1640
85
185
4502
3144
4786
2925
3728
2073
188
3181
1983
876
2358
2038
4899
741
3063
1058
2780
4700
4142
2165
3752
4239
1936
4328
3825
4348
634
262
987
718
446
1840
214
1583
1116
3941
3655
1303
2121
1990
3530
830
4027
3429
1571
3441
838
4350
3141
4980
1514
3244
4218
4801
3923
4395
4148
909
4656
1486
1626
1453
3325
3191
3035
4440
2132
3042
2094
604
31
624
1434
409
4052
3004
3850
1241
3705
3342
1220
1571
2937
1790
1371
1859
2536
1871
2767
2191
3356
745
4995
1681
3935
3029
1120
2418
2422
3214
3022
2452
189
807
4213
592
3810
4414
1832
3866
4107
4404
436
2043
1193
3159
3901
80
29
3020
2270
3384
3764
3616
1416
4050
2996
3888
1468
418
2101
841
4221
3641
1647
3433
4232
1808
4198
2415
673
3304
1818
2461
1698
4362
619
1951
4441
1999
4970
3062
1734
85
1677
3150
4134
4673
2037
1953
90
489
2793
662
481
4439
447
4712
1246
4644
2126
3271
4300
296
731
997
4657
2701
4299
450
4699
4268
3511
2784
704
1540
933
1190
1212
4321
3142
2653
1161
935
3314
1641
1725
3760
2704
4323
4756
1182
2593
407
1477
4675
2755
2485
2375
2054
2934
3425
2673
1445
1208
3377
2984
3493
4566
547
4165
2707
4551
1678
4993
4216
4670
3070
4328
2374
2392
4083
3555
1336
4489
1383
2362
2243
3867
1088
4296
1801
4512
3321
3245
2071
1697
2580
1915
1262
4478
1080
320
4028
2757
1665
3243
3778
1086
2570
1151
4829
3004
1057
1164
3844
2439
3525
2439
1306
964
3086
4458
475
1406
2702
3897
3102
1633
812
715
1110
1891
2387
1489
999
4051
1083
1128
136
5
2279
1316
3008
4687
2479
3204
2126
2355
642
4783
3318
3727
4240
144
133
3293
4040
3234
4925
1203
301
2386
4445
2687
226
443
3089
1308
2923
4576
2664
201
891
2024
4887
4721
227
3364
3427
868
3146
1744
4594
2385
3239
1078
677
3630
664
1953
4833
964
690
4277
2
915
1072
3090
3575
3994
4017
2590
4194
1259
4613
432
979
4839
3796
4405
2058
3293
2500
3004
678
738
4081
2706
719
4744
4659
551
2059
1700
4828
3412
3967
899
2853
3893
1244
1869
1482
1789
3127
1095
2220
457
2285
2367
4861
4343
660
3712
2346
2689
801
2778
394
1520
3874
1404
2070
932
3104
3249
696
2070
499
3548
2314
1742
417
3795
3530
4895
4889
750
352
2174
4468
1564
2868
127
276
1565
2815
1076
4342
4561
2595
3215
964
1017
499
4067
4265
1194
2488
4764
1093
4801
1505
2861
3596
35
2756
4836
2136
4459
3361
2955
1022
2580
3082
1297
4144
2248
3725
3486
1808
1319
3052
2772
2335
4902
3190
1600
2447
2030
2715
3540
3182
571
1400
3129
605
507
2965
4092
4965
2677
3399
2339
257
1480
3635
4400
79
2359
4237
3239
30
3641
2362
3716
4894
1903
1667
2341
3932
4381
2232
2114
4952
4983
242
1908
490
4558
2352
1806
3587
750
4144
3843
3581
2779
4594
3659
1489
183
3249
2870
3823
610
1586
68
2513
3252
2408
1444
3985
991
4909
288
974
1503
2195
1463
2412
898
3268
998
1647
2412
1192
1579
1542
2138
1590
4382
2320
4838
3604
2494
448
189
2561
2960
4792
1321
755
128
2311
2016
415
3284
3518
3962
1098
929
4859
4366
3279
2858
3129
4470
4436
1022
1607
1025
403
278
2215
4006
2771
2662
546
1684
1973
1690
3004
4079
1817
314
1094
3584
4950
963
2545
1047
1892
2403
1764
1522
1612
4892
991
2400
913
3950
4776
2668
4227
1990
3025
3350
1003
4923
33
2975
1612
3036
3406
4780
4701
4499
3363
4650
462
907
2049
3705
4662
3812
226
2625
3704
2568
24
968
1517
4800
4987
2096
3141
4364
445
4144
4286
477
3470
2249
4864
1875
3380
916
1374
1743
1918
3187
4001
3966
3243
14
2777
4820
2639
2832
2387
4014
3800
256
165
138
2351
3306
4501
4147
2449
138
4623
918
2386
838
2793
766
1753
518
3860
22
56
4212
3987
3298
4226
1764
3117
3216
4595
1855
2229
4746
2110
2394
4884
812
2051
736
4958
4499
874
932
1768
4611
3121
4560
1728
1226
1429
1939
1247
1484
1151
234
1133
1728
3349
4249
4943
4295
2456
3523
4041
4565
2268
276
1729
4318
2363
3038
168
3236
3970
1936
4199
2090
2847
926
3315
628
2865
914
2111
367
1147
4596
2094
847
196
3388
141
2651
3262
533
3568
530
2160
296
1199
4523
4685
2719
4110
3654
4654
3308
2096
3852
586
1762
4479
4802
2675
2942
168
173
2537
2261
1019
4084
2000
1160
1735
261
1692
1654
2142
204
3301
4693
4726
2985
2411
3835
1639
3416
3495
86
2267
432
1847
3098
233
4522
2391
400
1046
1279
4012
2065
362
1011
3224
3448
2623
1267
101
4765
1470
3401
809
2547
1386
3219
1382
4376
2986
1228
4461
1604
1659
2659
4701
1891
3532
2091
3642
4578
4721
4005
1642
83
1367
1217
3530
3989
2483
4983
105
305
3383
913
2851
1120
483
584
495
3468
3163
1307
72
4821
3966
1124
3063
3849
4567
3056
3426
4287
2060
1419
4369
4778
2635
4251
119
1470
4233
223
1774
3967
2488
976
87
4322
2912
581
2790
1074
3240
4213
895
3557
336
309
2405
4902
4717
831
4189
3128
3601
4909
2906
1236
511
3024
4057
4743
4598
2182
62
3437
3157
148
2759
1068
2080
1900
2142
319
1112
4388
3875
1447
1048
2632
2701
2116
3462
3241
244
2062
3149
4501
4649
12
3876
3705
4754
3473
2238
1167
3262
395
1314
1020
2814
3394
2919
1307
64
382
2046
291
3180
4446
2922
880
1561
2735
4120
1804
1148
3621
1304
797
3632
179
853
4737
4
3091
904
3265
4837
2217
636
4002
1962
4906
309
3378
287
3706
3668
3466
3151
1589
698
4712
4323
1169
2867
470
4789
4171
2618
4772
701
4823
4509
2056
4265
1764
1672
4101
332
2307
4454
3646
2212
1114
2023
3850
4820
690
3668
2970
3630
717
4033
4304
1885
1900
1125
1674
2422
95
2797
3122
4917
3657
1530
4181
420
3201
4633
2104
508
4086
749
4071
200
2771
4273
19
4812
4292
4340
4793
8
3373
4096
1892
1624
220
4917
4045
314
2714
3518
1582
1370
47
762
3142
3248
1746
245
107
832
993
529
2383
115
4801
3753
4926
4092
3092
4718
451
2816
165
2343
791
1736
2259
4835
2050
1324
3353
4983
2694
4751
745
2187
4350
2490
2431
4456
4673
4775
1337
2055
4889
1137
2159
1166
1581
1603
883
2031
4418
1047
725
209
4134
2984
1395
1183
4307
1099
2518
3352
850
3262
1890
199
2103
4320
1007
3128
446
2343
1534
334
4831
3693
1499
2763
295
3733
1146
1064
1131
1870
1272
265
4853
4019
2799
512
117
316
215
966
4929
2105
2517
3384
2776
3523
1511
3222
2217
3044
4907
2047
1736
2758
4810
3382
1490
955
4446
3973
2824
2069
4237
4029
1087
3387
892
1204
3703
2458
3521
4983
4562
1037
3366
3690
911
1228
3263
3127
4272
3169
1526
2359
926
2687
741
3768
3641
186
2740
2816
3606
3328
3196
4693
1714
439
896
1768
2897
768
3103
3810
3157
1468
3851
4067
2696
2113
3546
3319
282
1423
2029
2559
4109
2769
1326
2749
4306
417
1916
2912
3744
1464
3956
1810
1902
1203
4929
1150
1970
3031
1312
126
851
162
545
4898
2275
4090
4568
3908
512
1596
2818
4620
717
496
3720
1374
912
1987
637
1008
4802
4592
4169
1704
794
449
4205
2764
4832
516
4241
682
2030
4785
1931
4304
226
1498
4563
737
3093
3732
1708
3809
4227
1779
183
1491
118
2171
3850
4919
1763
4370
2974
2556
4818
2179
1671
4649
4046
912
1682
1075
696
3612
1730
2274
109
1292
4362
4554
1376
2422
4714
602
4200
1248
3444
669
3419
2293
1940
181
1662
4913
4088
2832
3443
2111
2480
2489
3022
4162
4915
69
4125
1645
2342
586
4288
1704
139
663
4125
4852
2617
4676
2452
1060
1697
870
4705
3636
2402
2718
4900
1489
549
3343
3599
3029
2183
2972
3542
3449
4393
4018
93
1734
4603
733
4789
4741
2747
265
945
363
1293
3396
2775
4341
617
3831
2976
3018
1548
4227
858
2097
2569
4457
1477
1103
3780
18
4552
3172
4035
996
1258
3638
3080
1046
4730
827
2663
2026
2541
307
1773
1667
4647
2389
497
2622
1758
2045
1848
2616
4141
769
3424
617
3223
2203
1986
4126
375
2372
122
1632
2361
3201
4029
2091
379
1691
468
4272
1997
2241
938
2995
981
2787
1968
4091
4831
3816
1706
323
936
1481
2291
4158
3683
628
4636
4057
2999
4757
2040
360
4309
1069
3802
1040
4111
4269
311
2460
2861
2600
454
194
386
2422
4284
1568
2589
2341
3242
4876
3821
1884
385
3855
2511
20
2912
510
1128
1303
2221
437
3723
1022
2828
4186
1642
3138
2997
4503
2089
3450
1048
3827
2223
1683
394
1163
4023
4988
2390
4195
1871
2775
3049
4382
4146
2312
1243
274
4967
3463
2062
3689
4484
4889
2874
2477
4378
2222
1979
2818
2024
4378
1644
4246
1060
2038
1761
1434
2025
4150
628
3895
3276
29
4628
2422
2340
870
2695
2306
684
1108
2347
167
996
1572
2644
1725
3794
974
4542
817
1704
1186
1414
2763
4575
4526
549
2951
3676
2528
3197
3303
2556
2825
724
1248
46
4770
4905
730
877
2251
2248
3224
175
1243
4948
3968
3569
842
1136
272
2027
3901
4386
2953
3427
4934
903
3454
3814
4099
1756
2721
3275
3832
3968
3321
3601
225
402
830
3827
2649
4053
4001
3892
353
4320
2460
2546
455
4083
924
4356
3468
3876
2782
4754
4778
2587
4919
228
4342
2639
3503
4525
2959
3175
3126
3183
3576
307
2009
2576
711
2362
1467
2415
1681
278
4960
2136
4360
883
2843
4180
4758
1976
285
887
4562
203
1115
255
2841
969
4780
799
495
4257
333
422
4563
2342
2997
1625
4703
4464
4040
2735
1093
3999
1222
1805
1234
4064
984
2343
2391
2620
3230
3304
2822
696
3559
2014
3016
4690
4165
3510
298
4497
3931
4860
3190
3279
2836
4244
4094
1875
1979
187
2226
3200
1991
4811
3616
4326
2153
1006
1945
382
4310
1118
2429
4220
3131
444
3909
2295
305
4206
3144
4235
417
1333
2514
4604
577
1607
2831
2555
3145
1408
754
1487
1218
4369
812
3370
1727
4108
104
1036
1577
2532
1607
4708
4328
1867
3354
4632
2424
1497
219
4192
4182
2732
3795
4758
690
1625
3664
187
3032
769
1673
4249
138
3837
3971
3216
4296
426
603
873
2957
2209
1932
3636
427
285
3268
2850
3134
3486
2041
2315
2569
835
3424
4610
3812
2087
4796
3195
2855
1469
2444
4344
1657
2766
2559
952
3191
4513
3176
2499
1721
107
1135
2147
1744
4402
1348
4877
2887
3388
3543
1807
575
1966
1416
738
404
1212
3932
3258
4032
2727
3954
2040
492
1512
2991
34
1025
1167
2533
4097
1273
3667
2596
4368
4420
3943
4244
3658
3683
4138
464
4257
1103
1879
1346
1506
4442
277
1116
4825
3004
69
1864
3495
2932
4855
3529
308
2373
2413
757
4997
2431
3352
4365
1850
3646
4960
507
2328
4098
2322
2936
1552
552
4281
4410
4994
4558
525
1170
3913
1945
3034
3759
4876
4240
3639
1536
2964
1051
2292
2960
3481
1995
3676
330
640
3636
2188
4320
4085
4509
2255
636
1413
2888
45
2758
3797
1921
3927
2709
3865
1960
1467
93
2551
106
1628
514
1156
271
3474
989
2265
3501
2670
2904
3488
4858
3575
2572
718
830
4560
2130
3717
956
4887
2513
2877
3814
1573
3093
2125
3039
3185
4676
3144
1164
189
652
1434
14
1640
3698
4867
4309
2954
3354
518
1528
2278
1236
3709
3189
4717
3777
4144
956
2641
3372
1121
4213
1465
3245
2252
1001
4272
1747
2165
813
2398
4950
826
389
5000
692
1050
4305
398
1567
832
2675
4154
893
863
3871
4669
1358
1178
2310
4730
2298
1522
2546
1894
125
4898
1166
1872
3414
1978
621
3364
4155
2362
4715
1199
3411
4019
1596
4977
1202
622
4131
2094
2836
4353
3115
4193
1882
424
274
4179
3297
4171
1072
4774
421
3589
2997
3834
1918
3617
3549
1073
978
4615
2271
4388
3633
218
717
4835
839
1199
3280
26
551
1394
4218
2432
3169
844
2962
2818
1366
385
2591
1786
3974
587
1972
891
555
1872
3315
2885
1487
1937
2272
119
2154
2988
1305
4344
538
4585
4369
1088
2330
4939
4871
1851
2134
4184
1020
3499
4569
3610
1637
4894
548
3608
2136
2454
479
451
338
1965
3739
2610
3436
893
1949
4740
1588
2487
676
957
4926
4358
2247
1149
2560
4380
1684
3579
4230
1252
3540
866
2497
4087
825
4633
2892
2656
1435
3230
972
173
839
4407
2417
4139
499
357
2977
2526
1313
4255
3235
3559
1755
794
4290
3438
4372
3519
1042
4263
4385
3538
4701
1561
4522
2593
4216
2308
822
1540
3833
3012
946
1249
3502
2796
1605
1479
1674
4269
2085
4908
4179
3839
2054
3468
3628
1425
3339
1021
2040
2723
911
1740
635
432
4332
4851
4092
153
1390
2924
4516
3687
524
3018
2835
3481
848
4508
2749
2932
4415
3280
3122
2820
3099
3101
4245
1437
4122
2636
511
32
4375
1146
1815
3707
2348
906
211
89
3829
4727
127
4353
4096
2961
2833
4943
3820
1933
2874
4587
1564
995
2406
4663
447
3002
1099
4568
637
1610
4599
12
4107
1414
70
1454
3671
1632
2894
2500
2710
3020
3204
1805
981
1036
1747
1152
4320
4620
738
884
1966
3144
546
2413
1145
2996
3332
1782
4605
4283
3145
63
2048
4566
1516
718
1197
4409
3217
259
3781
1420
2063
1113
3807
3810
2264
4479
4781
3002
362
3099
1145
2259
1863
3641
254
1546
422
1211
828
4918
1273
2875
4483
4141
3593
680
4901
3161
2290
3681
933
4352
4793
1091
4513
3409
569
646
1410
930
3744
3906
3188
1958
2546
4794
3503
4320
1004
4331
4237
2276
3557
3720
1416
3501
751
1317
1662
3040
1349
3946
2391
2494
36
3256
902
605
3901
2311
2886
2644
1216
2426
953
113
2219
4455
4432
3222
137
3669
1849
3694
3740
3265
2194
842
933
207
3881
3633
4152
2623
1126
4188
878
2027
1144
1130
4337
4029
125
1904
2806
1077
3369
24
1884
2800
3245
2020
2820
94
2065
2911
4710
4259
3752
1994
817
2632
626
4969
1607
3104
508
3836
130
3003
4966
819
3383
90
4074
1189
2519
2442
1212
4402
1594
809
1421
765
2254
4838
3676
1963
448
3779
308
1264
2763
2285
2584
4369
388
4443
4556
1870
2445
4521
2688
828
963
3113
2016
3481
555
4579
2882
3500
387
654
4264
2640
491
4291
954
2290
3070
2613
3554
832
4898
1137
1552
1637
580
1107
3506
4376
1980
2545
203
2942
658
3570
1422
2564
4501
655
2415
4887
2660
3030
3879
3151
2321
1184
440
1742
3797
345
3925
46
2834
1828
3034
4765
2934
1540
4140
4913
436
695
2854
2445
4264
627
8
3764
1281
2422
3
293
452
233
3443
4124
1416
234
865
212
1931
1141
1609
4764
2968
4643
4528
2253
2534
3667
2166
2969
4361
1371
414
4977
3350
1773
92
982
547
94
1274
998
1678
4716
1473
3094
1302
3689
4657
4584
4829
1266
4347
4148
2260
226
1400
4793
244
3565
4113
957
1288
878
2285
4637
4003
2376
618
4549
3822
1892
1898
499
2959
3370
4944
612
3410
4601
195
3238
2218
893
3737
4477
2470
136
621
2714
53
1085
22
1340
1963
2306
2328
2317
4681
2945
1865
4854
1188
114
1705
4147
4835
1648
4758
3244
1248
1305
1481
3465
3549
1569
4293
1019
1704
4913
3732
1756
998
3753
4447
4312
2410
1774
2980
3442
1071
4844
3296
2258
1309
5000
1404
1143
2999
2514
4386
4247
170
2218
4063
3718
3786
3356
4736
1841
4620
4819
3597
1969
4923
4395
1280
2332
1169
4259
774
2239
454
421
848
3114
1772
2252
4256
4770
1117
4993
368
1286
3562
4431
1355
2347
2786
1091
540
2405
909
4136
4374
2184
4882
2005
4515
2402
2616
1640
4640
4421
3412
488
2535
183
4091
3142
1305
1559
4487
1672
2844
3048
1102
4198
1747
239
1640
2286
3996
3901
2773
4721
1084
2654
3077
1950
56
692
4942
1047
1465
3353
2886
351
4888
3328
4844
1192
4886
4330
4215
4081
3730
317
4631
476
1907
1270
4113
902
170
1885
1974
2605
890
51
4555
2297
2094
848
3344
3558
4200
2581
260
439
2261
104
1630
2146
785
2197
1227
4514
3865
2209
1341
771
4830
453
3025
1352
3689
4998
3956
4579
1400
4862
1875
3494
709
1570
3403
1261
503
15
1699
2763
1470
4681
1260
2254
1877
3838
3120
741
1046
812
2863
876
1265
887
2227
4953
2237
1182
883
3636
2396
4110
3481
3104
2031
1884
4364
2533
1898
1063
1647
3367
743
2907
1972
3971
1744
1443
4711
2790
2255
3925
17
4871
1164
2243
4823
3400
4776
2058
3387
2171
1167
1868
1627
3197
103
990
2082
3352
3404
3728
3070
498
1634
1393
4468
4730
2836
530
2519
90
807
2535
4960
1970
1129
1134
369
904
3191
107
4427
709
1974
1053
258
3428
3394
2339
1779
3150
2418
4848
3647
404
2593
4467
133
428
1348
4003
1869
2154
2889
3180
4123
4017
4313
843
1272
3856
950
698
916
4275
3102
1173
2703
1496
3511
833
997
2281
2033
4643
2684
4625
461
2816
52
3161
3170
3272
314
1058
1451
789
1426
2115
1631
4049
970
3932
1099
1886
3207
4200
4410
2261
2047
4273
3093
3043
1553
1477
4038
4236
1101
850
3403
2504
4010
2924
775
676
333
3577
1464
1758
692
4446
2158
3013
3378
3256
1250
2936
3808
660
1548
854
4932
992
249
2836
2469
638
3423
4921
1487
1825
2425
497
1100
4551
1172
1432
3128
3987
4541
171
3432
1698
3183
3161
1306
785
2448
113
2796
3995
2318
2727
4987
3918
1914
2455
4555
336
2375
1042
3512
1151
2890
4611
2054
4061
1042
1533
4399
582
1703
4182
3631
1237
2343
4936
2021
1142
48
1168
137
3718
246
1475
2635
2159
281
2190
2494
4007
3231
1005
1510
2472
1967
3563
1532
3008
95
2282
4941
1797
1463
4924
4385
3805
4859
2758
1299
1259
3925
1435
4976
4171
4261
2610
1329
4541
4799
175
4899
4381
2531
1408
1852
4498
4970
4735
3857
64
2016
150
3212
3479
73
3949
3635
4931
1706
1285
1189
630
4071
1164
1152
3331
126
3833
4223
1276
4007
4122
2009
1537
529
3860
2386
499
4947
1243
562
3314
1392
126
3144
1464
4074
3131
2746
779
4415
3935
2760
3486
1450
264
1816
1575
4096
1039
4203
3102
160
1211
990
2040
1422
3376
2538
1368
4618
4452
1034
1009
4577
4177
3824
2
3659
1569
2132
3074
1855
4891
2911
3305
154
1078
1231
601
2116
433
3702
3627
2995
4692
667
4417
3067
4556
2136
4036
4007
3169
44
4935
3698
219
4936
2356
3139
2067
429
4994
3310
3339
4650
4815
4417
2232
416
2884
4017
469
2863
2011
160
4881
1427
4578
788
3563
3613
4795
3083
8
4729
1780
226
1017
4136
4717
4435
916
4710
2744
607
4359
3911
1375
2942
4326
610
1958
4794
4824
3969
1306
1056
1747
883
1844
309
848
1638
4744
855
2718
2875
2433
86
3362
2149
4521
4278
1858
3616
1236
2568
2526
3962
509
3203
4571
2467
4349
747
2787
654
1802
4533
2888
3645
1194
3735
282
937
4590
4352
3811
3374
4437
2173
522
309
2802
2379
3925
389
1298
1450
4350
3158
1005
272
624
353
2370
3410
2358
4172
2943
1597
2816
4136
332
4450
1424
1273
153
1586
4646
4589
3758
167
4898
2911
3897
174
4651
1546
2975
352
4703
3979
624
327
683
2993
88
3040
3516
4382
4637
1332
4869
1320
2133
1292
2592
2285
2878
3589
3225
2987
3755
4474
2250
4003
4647
1900
548
3974
2252
250
2952
4227
1928
4987
3571
3368
3026
2087
2749
4014
4770
3970
1685
1902
261
628
538
4490
4216
114
2477
4322
4588
4726
3324
586
2977
223
4559
228
1825
3863
4454
104
3849
3025
3471
3226
1463
2572
3592
1232
1541
276
4485
1801
904
22
2643
119
1487
1471
793
1074
1196
468
3012
524
691
3922
752
3867
2784
1557
3970
1632
4581
2441
1210
2395
1364
4801
3626
2904
76
3110
1056
2331
4483
3698
3802
970
168
4594
3395
2715
61
1406
3239
2103
328
342
2321
4463
3250
1291
2447
4183
83
3656
1577
1446
4808
203
701
1235
3312
1756
3566
4147
1806
2367
116
3325
3312
4862
1040
4724
1268
630
3179
2947
2323
499
3761
572
1789
1207
4754
1871
1214
1331
4668
1021
1533
368
2256
1196
2124
2173
1694
281
891
1809
3605
4202
1671
996
277
4290
2977
3455
3588
299
3954
2348
2223
742
3555
1976
3965
1120
4658
3632
2141
2542
352
748
90
3827
2920
1783
4107
3810
3592
2711
4363
1614
59
4639
2255
3035
3094
2194
3334
2047
4541
556
4140
4447
3883
3104
567
3541
3088
2707
2434
3439
4806
2523
3617
2725
4306
2723
2886
4249
1785
2248
2214
1843
1886
4468
4878
1331
1661
4563
3377
2553
1470
2517
2000
1704
1972
3918
244
59
2976
4030
4849
2781
1552
3465
505
857
2539
3390
105
4324
1989
2318
2518
226
3137
3747
1557
1149
4661
1285
3702
1130
3801
2053
2834
2125
2322
4429
3535
297
3458
3384
3077
10
3200
4933
2218
739
4674
2323
1414
3014
992
283
3239
4129
4030
4795
1629
3690
1080
1682
4820
1232
3734
4005
3356
1055
3433
1891
2703
3243
1626
2131
4604
4825
3415
1821
1915
3088
495
3328
2453
1487
3611
692
1967
2640
1838
3595
2681
2917
1629
3852
501
362
2856
208
2769
2641
3450
471
2235
75
2602
1838
1252
1016
3658
3166
456
4153
2846
2908
1991
1456
4951
309
447
1789
255
4479
1057
1883
3331
1557
2245
2538
3117
1365
1530
1566
3187
3764
1641
2140
601
4244
4508
611
2409
1315
1115
254
574
4457
3061
525
4765
4859
2313
19
4338
4721
3254
2668
1278
1850
205
4394
3214
3087
2311
1400
1850
303
4892
3803
4546
4399
765
3307
713
1879
4912
1286
2687
2973
1810
2451
2831
474
3821
2168
195
2074
1187
2824
3923
2744
3569
3488
830
2231
1240
4031
2534
1131
2833
2079
529
3597
1737
2593
1827
1649
3878
4513
4621
2040
3315
3803
3865
3488
2323
411
1913
4861
4586
2188
