274
81
99
339
239
488
297
14
445
249
279
27
72
116
61
117
2
94
48
392
7
285
169
12
215
4
404
13
342
454
432
115
35
30
305
125
369
453
490
165
202
268
43
125
236
104
93
89
49
140
332
55
276
1
418
490
356
321
355
197
127
138
163
161
19
467
285
239
271
274
404
324
393
446
300
480
401
392
69
449
383
400
355
158
252
124
148
107
297
354
155
423
343
317
435
361
135
219
99
258
344
354
81
88
152
381
68
52
124
488
353
7
239
59
164
491
183
163
449
331
16
104
253
210
272
187
70
259
257
21
16
452
226
448
39
377
180
458
429
304
445
281
162
184
191
325
26
373
340
474
203
207
429
307
417
53
345
486
311
101
358
178
404
84
477
295
460
9
252
240
164
49
372
325
232
63
1
109
287
340
82
342
47
363
148
463
415
493
300
225
445
10
254
201
445
82
495
404
90
246
496
253
146
367
429
229
429
430
337
68
121
419
409
167
281
408
481
47
400
133
271
197
142
376
397
86
457
391
341
47
488
336
151
486
55
80
214
335
361
51
402
481
321
162
148
453
70
480
499
321
112
121
17
105
348
265
42
304
7
235
202
347
422
353
332
476
284
45
163
144
447
64
124
119
226
123
71
147
103
421
467
66
393
336
23
240
100
64
396
459
298
97
305
72
301
488
47
84
384
209
227
331
125
351
301
202
473
372
348
427
144
166
493
37
1
15
128
453
430
23
263
80
120
67
151
272
406
49
356
289
110
82
471
234
284
272
287
257
495
486
35
138
151
27
26
4
393
6
308
323
28
70
402
499
488
404
271
393
452
478
181
61
59
4
294
343
275
432
451
269
417
337
258
420
364
136
275
108
141
82
282
20
3
35
19
490
438
141
382
390
118
414
450
28
417
96
222
191
27
24
311
296
361
421
67
76
56
193
183
196
126
465
215
128
499
85
469
289
77
350
178
46
115
127
74
384
74
147
426
453
171
237
100
31
157
166
106
212
210
140
259
335
456
325
314
307
262
282
95
190
483
272
236
97
250
161
480
324
307
258
276
329
494
227
359
2
392
316
65
453
456
175
287
411
499
452
69
112
233
163
302
215
286
389
163
36
401
495
211
59
252
338
388
97
64
246
98
307
414
162
